92.133057 0.000000 184.000000 
139.836606 0.000000 194.000000 
92.503710 0.000000 552.000000 
128.569253 0.000000 725.000000 
85.638412 0.000000 187.000000 
50033.070470 22201.402142 1200.000000 
141.719864 0.000000 186.000000 
163.733443 0.000000 197.000000 
58301.667529 54273.878259 1200.000000 
242.748007 0.000000 249.000000 
40449.890593 1636.654034 1200.000000 
69979.553235 404.567732 1200.000000 
85.706379 0.000000 203.000000 
145.909027 0.000000 186.000000 
119.978930 0.000000 225.000000 
120.285504 0.000000 185.000000 
99.348540 0.000000 290.000000 
189.289136 0.000000 189.000000 
191.519547 0.000000 1017.000000 
12410.913648 537.824459 1200.000000 
92.133057 0.000000 184.000000 
139.836606 0.000000 194.000000 
92.503710 0.000000 552.000000 
128.569253 0.000000 725.000000 
85.638412 0.000000 187.000000 
50033.070470 22201.402142 1200.000000 
141.719864 0.000000 186.000000 
163.733443 0.000000 197.000000 
58301.667529 54273.878259 1200.000000 
242.748007 0.000000 249.000000 
40449.890593 1636.654034 1200.000000 
69979.553235 404.567732 1200.000000 
85.706379 0.000000 203.000000 
145.909027 0.000000 186.000000 
119.978930 0.000000 225.000000 
120.285504 0.000000 185.000000 
99.348540 0.000000 290.000000 
189.289136 0.000000 189.000000 
191.519547 0.000000 1017.000000 
12410.913648 537.824459 1200.000000 
