38733.768557 3013.941546 1200.000000 
4004.326636 940.142271 1200.000000 
30.653297 0.000000 586.000000 
170938.202990 72845.044735 1200.000000 
19222.016749 5707.545313 1200.000000 
43263.713473 41907.693649 1200.000000 
79.747140 0.000000 359.000000 
44289.879702 20741.589972 1200.000000 
113930.387406 25955.181871 1200.000000 
32736.365823 32736.365823 1200.000000 
82672.950480 3089.781406 1200.000000 
118.294617 0.000000 735.000000 
39.278389 0.000000 739.000000 
81.041217 0.000000 986.000000 
19879.168584 1610.804743 1200.000000 
49291.192376 7064.494531 1200.000000 
12.276375 0.000000 747.000000 
54.889687 0.000000 341.000000 
156.407637 0.000000 343.000000 
16562.509884 7683.158163 1200.000000 
40224.099807 4665.978221 1200.000000 
139.216967 0.000000 285.000000 
143.636662 0.000000 268.000000 
27210.480316 472.973507 1200.000000 
8875.625828 5728.081570 1200.000000 
36456.859044 5206.489059 1200.000000 
74.294005 0.000000 333.000000 
57.893263 0.000000 338.000000 
153.405864 0.000000 435.000000 
23380.692177 6957.964592 1200.000000 
26706.829041 5328.518736 1200.000000 
179.468714 0.000000 307.000000 
3.980872 0.000000 609.000000 
86.035603 0.000000 308.000000 
62768.344055 3920.972543 1200.000000 
80164.888576 2829.481621 1200.000000 
100.616989 0.000000 349.000000 
114.266384 0.000000 624.000000 
183.111044 0.000000 428.000000 
9703.964451 6356.788098 1200.000000 
34585.120199 5619.987125 1200.000000 
61.764778 0.000000 215.000000 
39.540536 0.000000 585.000000 
122.246947 0.000000 270.000000 
60444.177006 6837.277621 1200.000000 
13062.761525 5600.022661 1200.000000 
55.152176 0.000000 296.000000 
198.944345 0.000000 391.000000 
153.848967 0.000000 344.000000 
18277.689615 6106.264957 1200.000000 
39270.649107 7765.089014 1200.000000 
41.028436 0.000000 643.000000 
69.183936 0.000000 562.000000 
168.345368 0.000000 283.000000 
19147.702267 10473.686830 1200.000000 
19586.833986 4199.301788 1200.000000 
119.954400 0.000000 219.000000 
47.477327 0.000000 209.000000 
95.683150 0.000000 261.000000 
45500.178512 2566.321003 1200.000000 
48499.490767 6247.788726 1200.000000 
12.058452 0.000000 216.000000 
107.395322 0.000000 208.000000 
117.927173 0.000000 262.000000 
21457.417272 5702.583696 1200.000000 
68474.410982 1345.689358 1200.000000 
127.118861 0.000000 268.000000 
159.337820 0.000000 464.000000 
99.876865 0.000000 318.000000 
84.383518 0.000000 870.000000 
19271.142710 10603.708519 1200.000000 
111.955727 0.000000 350.000000 
12489.966512 216.088564 1200.000000 
116.549751 0.000000 832.000000 
29803.930148 10719.506589 1200.000000 
19385.066379 4753.063335 1200.000000 
44.582568 0.000000 300.000000 
176.923660 0.000000 266.000000 
211.928856 0.000000 334.000000 
11187.886392 7590.911536 1200.000000 
113750.500668 5614.180819 1200.000000 
24485.524792 503.633773 1200.000000 
120.175715 0.000000 217.000000 
155.250683 0.000000 315.000000 
26996.665882 11142.862745 1200.000000 
25355.365710 5849.265327 1200.000000 
88.652472 0.000000 259.000000 
221.130790 0.000000 250.000000 
122.180140 0.000000 366.000000 
38778.856083 6530.329552 1200.000000 
28598.936022 6285.174405 1200.000000 
96.325569 0.000000 239.000000 
191.687242 0.000000 242.000000 
130.967153 0.000000 328.000000 
18624.372040 4946.963971 1200.000000 
25187.555898 10366.506056 1200.000000 
172.477130 0.000000 714.000000 
141.222073 0.000000 247.000000 
16272.196214 806.426348 1200.000000 
39944.612101 8131.649581 1200.000000 
38733.768557 3013.941546 1200.000000 
4004.326636 940.142271 1200.000000 
30.653297 0.000000 586.000000 
170938.202990 72845.044735 1200.000000 
19222.016749 5707.545313 1200.000000 
43263.713473 41907.693649 1200.000000 
79.747140 0.000000 359.000000 
44289.879702 20741.589972 1200.000000 
113930.387406 25955.181871 1200.000000 
32736.365823 32736.365823 1200.000000 
82672.950480 3089.781406 1200.000000 
118.294617 0.000000 735.000000 
39.278389 0.000000 739.000000 
81.041217 0.000000 986.000000 
19879.168584 1610.804743 1200.000000 
49291.192376 7064.494531 1200.000000 
12.276375 0.000000 747.000000 
54.889687 0.000000 341.000000 
156.407637 0.000000 343.000000 
16562.509884 7683.158163 1200.000000 
40224.099807 4665.978221 1200.000000 
139.216967 0.000000 285.000000 
143.636662 0.000000 268.000000 
27210.480316 472.973507 1200.000000 
8875.625828 5728.081570 1200.000000 
36456.859044 5206.489059 1200.000000 
74.294005 0.000000 333.000000 
57.893263 0.000000 338.000000 
153.405864 0.000000 435.000000 
23380.692177 6957.964592 1200.000000 
26706.829041 5328.518736 1200.000000 
179.468714 0.000000 307.000000 
3.980872 0.000000 609.000000 
86.035603 0.000000 308.000000 
62768.344055 3920.972543 1200.000000 
80164.888576 2829.481621 1200.000000 
100.616989 0.000000 349.000000 
114.266384 0.000000 624.000000 
183.111044 0.000000 428.000000 
9703.964451 6356.788098 1200.000000 
34585.120199 5619.987125 1200.000000 
61.764778 0.000000 215.000000 
39.540536 0.000000 585.000000 
122.246947 0.000000 270.000000 
60444.177006 6837.277621 1200.000000 
13062.761525 5600.022661 1200.000000 
55.152176 0.000000 296.000000 
198.944345 0.000000 391.000000 
153.848967 0.000000 344.000000 
18277.689615 6106.264957 1200.000000 
39270.649107 7765.089014 1200.000000 
41.028436 0.000000 643.000000 
69.183936 0.000000 562.000000 
168.345368 0.000000 283.000000 
19147.702267 10473.686830 1200.000000 
19586.833986 4199.301788 1200.000000 
119.954400 0.000000 219.000000 
47.477327 0.000000 209.000000 
95.683150 0.000000 261.000000 
45500.178512 2566.321003 1200.000000 
48499.490767 6247.788726 1200.000000 
12.058452 0.000000 216.000000 
107.395322 0.000000 208.000000 
117.927173 0.000000 262.000000 
21457.417272 5702.583696 1200.000000 
68474.410982 1345.689358 1200.000000 
127.118861 0.000000 268.000000 
159.337820 0.000000 464.000000 
99.876865 0.000000 318.000000 
84.383518 0.000000 870.000000 
19271.142710 10603.708519 1200.000000 
111.955727 0.000000 350.000000 
12489.966512 216.088564 1200.000000 
116.549751 0.000000 832.000000 
29803.930148 10719.506589 1200.000000 
19385.066379 4753.063335 1200.000000 
44.582568 0.000000 300.000000 
176.923660 0.000000 266.000000 
211.928856 0.000000 334.000000 
11187.886392 7590.911536 1200.000000 
113750.500668 5614.180819 1200.000000 
24485.524792 503.633773 1200.000000 
120.175715 0.000000 217.000000 
155.250683 0.000000 315.000000 
26996.665882 11142.862745 1200.000000 
25355.365710 5849.265327 1200.000000 
88.652472 0.000000 259.000000 
221.130790 0.000000 250.000000 
122.180140 0.000000 366.000000 
38778.856083 6530.329552 1200.000000 
28598.936022 6285.174405 1200.000000 
96.325569 0.000000 239.000000 
191.687242 0.000000 242.000000 
130.967153 0.000000 328.000000 
18624.372040 4946.963971 1200.000000 
25187.555898 10366.506056 1200.000000 
172.477130 0.000000 714.000000 
141.222073 0.000000 247.000000 
16272.196214 806.426348 1200.000000 
39944.612101 8131.649581 1200.000000 
