158107.824930 148809.980080 1200.000000 
160272.364962 147463.119615 1200.000000 
151979.135633 142124.118797 1200.000000 
154887.943220 147986.514225 1200.000000 
156783.248311 147111.939613 1200.000000 
156011.657310 148727.402080 1200.000000 
148695.709806 147983.232277 1200.000000 
155866.128101 147424.409323 1200.000000 
157254.803964 144927.193678 1200.000000 
150478.827616 142791.388776 1200.000000 
154370.965549 148924.787671 1200.000000 
157684.695720 147508.843531 1200.000000 
149401.488905 145635.732405 1200.000000 
152633.767095 148230.176313 1200.000000 
32.511730 0.000000 1076.000000 
151.878891 0.000000 1067.000000 
157905.233508 148771.261554 1200.000000 
156006.443570 144083.535723 1200.000000 
160067.342555 145362.232373 1200.000000 
158078.236200 144646.674301 1200.000000 
158107.824930 148809.980080 1200.000000 
160272.364962 147463.119615 1200.000000 
151979.135633 142124.118797 1200.000000 
154887.943220 147986.514225 1200.000000 
156783.248311 147111.939613 1200.000000 
156011.657310 148727.402080 1200.000000 
148695.709806 147983.232277 1200.000000 
155866.128101 147424.409323 1200.000000 
157254.803964 144927.193678 1200.000000 
150478.827616 142791.388776 1200.000000 
154370.965549 148924.787671 1200.000000 
157684.695720 147508.843531 1200.000000 
149401.488905 145635.732405 1200.000000 
152633.767095 148230.176313 1200.000000 
32.511730 0.000000 1076.000000 
151.878891 0.000000 1067.000000 
157905.233508 148771.261554 1200.000000 
156006.443570 144083.535723 1200.000000 
160067.342555 145362.232373 1200.000000 
158078.236200 144646.674301 1200.000000 
