105.997203 0.000000 126.000000 
124.343521 0.000000 123.000000 
144.364677 0.000000 313.000000 
175.030401 0.000000 346.000000 
196.750006 0.000000 301.000000 
114.542789 0.000000 225.000000 
14156.000608 216.578137 1200.000000 
166.347565 0.000000 253.000000 
144.494471 0.000000 240.000000 
140.024179 0.000000 226.000000 
70.912209 0.000000 271.000000 
162.256331 0.000000 288.000000 
37.041867 0.000000 282.000000 
89.591204 0.000000 163.000000 
6148.705339 629.090857 1200.000000 
118.874233 0.000000 288.000000 
18218.464454 279.154954 1200.000000 
124.194077 0.000000 316.000000 
93.163908 0.000000 201.000000 
33.082252 0.000000 109.000000 
13.528491 0.000000 109.000000 
55.400426 0.000000 109.000000 
160.986716 0.000000 257.000000 
96.695127 0.000000 282.000000 
76856.775759 1278.179479 1200.000000 
65.325868 0.000000 200.000000 
119.387454 0.000000 246.000000 
159.471429 0.000000 217.000000 
68.086559 0.000000 246.000000 
119.476803 0.000000 191.000000 
29268.674731 701.765902 1200.000000 
2695.001626 835.743174 1200.000000 
119.314540 0.000000 209.000000 
10530.613464 388.371219 1200.000000 
31794.501179 809.311160 1200.000000 
120.013100 0.000000 241.000000 
173.377010 0.000000 246.000000 
77159.848688 773.891915 1200.000000 
83.477274 0.000000 186.000000 
6.376091 0.000000 100.000000 
105.997203 0.000000 126.000000 
124.343521 0.000000 123.000000 
144.364677 0.000000 313.000000 
175.030401 0.000000 346.000000 
196.750006 0.000000 301.000000 
114.542789 0.000000 225.000000 
14156.000608 216.578137 1200.000000 
166.347565 0.000000 253.000000 
144.494471 0.000000 240.000000 
140.024179 0.000000 226.000000 
70.912209 0.000000 271.000000 
162.256331 0.000000 288.000000 
37.041867 0.000000 282.000000 
89.591204 0.000000 163.000000 
6148.705339 629.090857 1200.000000 
118.874233 0.000000 288.000000 
18218.464454 279.154954 1200.000000 
124.194077 0.000000 316.000000 
93.163908 0.000000 201.000000 
33.082252 0.000000 109.000000 
13.528491 0.000000 109.000000 
55.400426 0.000000 109.000000 
160.986716 0.000000 257.000000 
96.695127 0.000000 282.000000 
76856.775759 1278.179479 1200.000000 
65.325868 0.000000 200.000000 
119.387454 0.000000 246.000000 
159.471429 0.000000 217.000000 
68.086559 0.000000 246.000000 
119.476803 0.000000 191.000000 
29268.674731 701.765902 1200.000000 
2695.001626 835.743174 1200.000000 
119.314540 0.000000 209.000000 
10530.613464 388.371219 1200.000000 
31794.501179 809.311160 1200.000000 
120.013100 0.000000 241.000000 
173.377010 0.000000 246.000000 
77159.848688 773.891915 1200.000000 
83.477274 0.000000 186.000000 
6.376091 0.000000 100.000000 
