157790.389884 151092.795532 1200.000000 
156689.790004 152273.124247 1200.000000 
159074.426643 150003.889943 1200.000000 
160123.352978 148998.246698 1200.000000 
159494.039649 152427.963413 1200.000000 
95.018545 0.000000 1130.000000 
152908.303008 148728.786940 1200.000000 
150465.253870 150189.886256 1200.000000 
155263.605843 152119.837828 1200.000000 
151980.247942 147976.250039 1200.000000 
151214.394387 144434.059111 1200.000000 
155167.109691 150812.068273 1200.000000 
158464.846400 153502.892322 1200.000000 
156755.134551 152026.027755 1200.000000 
154741.781371 152472.311758 1200.000000 
159721.101562 151352.395744 1200.000000 
142557.522070 142094.114066 1200.000000 
159470.927473 151456.352107 1200.000000 
162077.191440 148465.797497 1200.000000 
160291.005833 147620.799761 1200.000000 
157790.389884 151092.795532 1200.000000 
156689.790004 152273.124247 1200.000000 
159074.426643 150003.889943 1200.000000 
160123.352978 148998.246698 1200.000000 
159494.039649 152427.963413 1200.000000 
95.018545 0.000000 1130.000000 
152908.303008 148728.786940 1200.000000 
150465.253870 150189.886256 1200.000000 
155263.605843 152119.837828 1200.000000 
151980.247942 147976.250039 1200.000000 
151214.394387 144434.059111 1200.000000 
155167.109691 150812.068273 1200.000000 
158464.846400 153502.892322 1200.000000 
156755.134551 152026.027755 1200.000000 
154741.781371 152472.311758 1200.000000 
159721.101562 151352.395744 1200.000000 
142557.522070 142094.114066 1200.000000 
159470.927473 151456.352107 1200.000000 
162077.191440 148465.797497 1200.000000 
160291.005833 147620.799761 1200.000000 
