45.978801 0.000000 862.000000 
63884.100296 60418.174187 1200.000000 
158516.670778 154835.047397 1200.000000 
161548.992965 155935.751866 1200.000000 
99785.985623 99407.067514 1200.000000 
141808.739807 141690.652014 1200.000000 
94.421696 0.000000 1107.000000 
186.960824 0.000000 540.000000 
157731.938429 154748.066337 1200.000000 
160.539708 0.000000 1168.000000 
157784.918884 151673.107877 1200.000000 
163177.081316 150729.671286 1200.000000 
32378.495620 32129.004173 1200.000000 
154768.330314 152881.219767 1200.000000 
154737.195028 153539.601746 1200.000000 
85.882841 0.000000 528.000000 
154908.702746 150059.181787 1200.000000 
156241.530467 153066.445618 1200.000000 
153193.761096 147421.156357 1200.000000 
6909.208813 6909.208813 1200.000000 
45.978801 0.000000 862.000000 
63884.100296 60418.174187 1200.000000 
158516.670778 154835.047397 1200.000000 
161548.992965 155935.751866 1200.000000 
99785.985623 99407.067514 1200.000000 
141808.739807 141690.652014 1200.000000 
94.421696 0.000000 1107.000000 
186.960824 0.000000 540.000000 
157731.938429 154748.066337 1200.000000 
160.539708 0.000000 1168.000000 
157784.918884 151673.107877 1200.000000 
163177.081316 150729.671286 1200.000000 
32378.495620 32129.004173 1200.000000 
154768.330314 152881.219767 1200.000000 
154737.195028 153539.601746 1200.000000 
85.882841 0.000000 528.000000 
154908.702746 150059.181787 1200.000000 
156241.530467 153066.445618 1200.000000 
153193.761096 147421.156357 1200.000000 
6909.208813 6909.208813 1200.000000 
