68.404055 0.000000 334.000000 
5941.468136 1070.259126 1200.000000 
55.831331 0.000000 705.000000 
129.496276 0.000000 407.000000 
59.173530 0.000000 408.000000 
2531.810211 2036.691234 1200.000000 
81.935829 0.000000 306.000000 
88939.861025 5175.713480 1200.000000 
130.556910 0.000000 327.000000 
76234.636449 48138.785517 1200.000000 
59023.279464 921.594160 1200.000000 
167.574625 0.000000 292.000000 
71653.845989 1512.445045 1200.000000 
110.272619 0.000000 972.000000 
50221.128543 957.470219 1200.000000 
16287.958679 7553.364489 1200.000000 
122.199638 0.000000 238.000000 
166.478110 0.000000 242.000000 
19860.150599 1296.210198 1200.000000 
89361.703493 4856.682265 1200.000000 
33012.157206 12630.089718 1200.000000 
141.216902 0.000000 247.000000 
83.817230 0.000000 249.000000 
8585.837724 1692.259578 1200.000000 
12639.628841 211.417378 1200.000000 
170.133551 0.000000 458.000000 
28958.062905 24051.931476 1200.000000 
45279.307428 27124.034712 1200.000000 
38218.708508 27518.378570 1200.000000 
2253.604870 472.343975 1200.000000 
216.388654 0.000000 721.000000 
23080.260747 442.279666 1200.000000 
13302.536810 547.414245 1200.000000 
119.387637 0.000000 343.000000 
80.890368 0.000000 646.000000 
4454.603245 197.391657 1200.000000 
18510.927304 197.351367 1200.000000 
5604.004282 1635.940829 1200.000000 
52394.121221 250.084118 1200.000000 
2972.273698 876.535798 1200.000000 
133.296558 0.000000 384.000000 
86.161163 0.000000 409.000000 
76.064167 0.000000 574.000000 
176.422960 0.000000 850.000000 
227.657723 0.000000 380.000000 
13.853701 0.000000 355.000000 
119.870627 0.000000 434.000000 
11775.181010 277.336129 1200.000000 
190.823936 0.000000 430.000000 
3721.955097 255.884858 1200.000000 
91441.909916 11749.392310 1200.000000 
135.409388 0.000000 269.000000 
114.940467 0.000000 271.000000 
94548.249251 2313.274108 1200.000000 
107336.678389 18117.356109 1200.000000 
140.921277 0.000000 357.000000 
58464.742926 57913.422997 1200.000000 
48092.626452 21152.705933 1200.000000 
168.845620 0.000000 318.000000 
23.251134 0.000000 346.000000 
48090.601733 43735.362451 1200.000000 
55.533703 0.000000 467.000000 
85.794424 0.000000 468.000000 
24112.662725 4790.787143 1200.000000 
43132.488523 36165.745291 1200.000000 
101.007144 0.000000 768.000000 
94555.592792 71633.113067 1200.000000 
6561.757434 4567.420297 1200.000000 
93701.256027 65613.826838 1200.000000 
117.443165 0.000000 701.000000 
10.572074 0.000000 294.000000 
2172.451750 1225.663168 1200.000000 
11593.737003 10054.093410 1200.000000 
244.731287 0.000000 445.000000 
56.573963 0.000000 312.000000 
2420.506083 554.958366 1200.000000 
29187.579113 868.799513 1200.000000 
19049.448281 1211.187712 1200.000000 
117.535697 0.000000 334.000000 
32765.670137 1000.214842 1200.000000 
13306.270340 894.982456 1200.000000 
84.971894 0.000000 311.000000 
68615.791946 3501.062197 1200.000000 
157.178378 0.000000 402.000000 
39549.866226 871.863570 1200.000000 
14291.432019 913.186232 1200.000000 
93634.905478 17717.032811 1200.000000 
11123.014994 10329.709506 1200.000000 
96208.446098 64631.025484 1200.000000 
67698.696944 60505.971795 1200.000000 
266.690685 0.000000 440.000000 
76.444852 0.000000 422.000000 
211.805139 0.000000 1081.000000 
95.748674 0.000000 344.000000 
31.296092 0.000000 461.000000 
114.287723 0.000000 230.000000 
124.053620 0.000000 352.000000 
76739.625912 618.092760 1200.000000 
146.759124 0.000000 242.000000 
12194.262941 482.989150 1200.000000 
68.404055 0.000000 334.000000 
5941.468136 1070.259126 1200.000000 
55.831331 0.000000 705.000000 
129.496276 0.000000 407.000000 
59.173530 0.000000 408.000000 
2531.810211 2036.691234 1200.000000 
81.935829 0.000000 306.000000 
88939.861025 5175.713480 1200.000000 
130.556910 0.000000 327.000000 
76234.636449 48138.785517 1200.000000 
59023.279464 921.594160 1200.000000 
167.574625 0.000000 292.000000 
71653.845989 1512.445045 1200.000000 
110.272619 0.000000 972.000000 
50221.128543 957.470219 1200.000000 
16287.958679 7553.364489 1200.000000 
122.199638 0.000000 238.000000 
166.478110 0.000000 242.000000 
19860.150599 1296.210198 1200.000000 
89361.703493 4856.682265 1200.000000 
33012.157206 12630.089718 1200.000000 
141.216902 0.000000 247.000000 
83.817230 0.000000 249.000000 
8585.837724 1692.259578 1200.000000 
12639.628841 211.417378 1200.000000 
170.133551 0.000000 458.000000 
28958.062905 24051.931476 1200.000000 
45279.307428 27124.034712 1200.000000 
38218.708508 27518.378570 1200.000000 
2253.604870 472.343975 1200.000000 
216.388654 0.000000 721.000000 
23080.260747 442.279666 1200.000000 
13302.536810 547.414245 1200.000000 
119.387637 0.000000 343.000000 
80.890368 0.000000 646.000000 
4454.603245 197.391657 1200.000000 
18510.927304 197.351367 1200.000000 
5604.004282 1635.940829 1200.000000 
52394.121221 250.084118 1200.000000 
2972.273698 876.535798 1200.000000 
133.296558 0.000000 384.000000 
86.161163 0.000000 409.000000 
76.064167 0.000000 574.000000 
176.422960 0.000000 850.000000 
227.657723 0.000000 380.000000 
13.853701 0.000000 355.000000 
119.870627 0.000000 434.000000 
11775.181010 277.336129 1200.000000 
190.823936 0.000000 430.000000 
3721.955097 255.884858 1200.000000 
91441.909916 11749.392310 1200.000000 
135.409388 0.000000 269.000000 
114.940467 0.000000 271.000000 
94548.249251 2313.274108 1200.000000 
107336.678389 18117.356109 1200.000000 
140.921277 0.000000 357.000000 
58464.742926 57913.422997 1200.000000 
48092.626452 21152.705933 1200.000000 
168.845620 0.000000 318.000000 
23.251134 0.000000 346.000000 
48090.601733 43735.362451 1200.000000 
55.533703 0.000000 467.000000 
85.794424 0.000000 468.000000 
24112.662725 4790.787143 1200.000000 
43132.488523 36165.745291 1200.000000 
101.007144 0.000000 768.000000 
94555.592792 71633.113067 1200.000000 
6561.757434 4567.420297 1200.000000 
93701.256027 65613.826838 1200.000000 
117.443165 0.000000 701.000000 
10.572074 0.000000 294.000000 
2172.451750 1225.663168 1200.000000 
11593.737003 10054.093410 1200.000000 
244.731287 0.000000 445.000000 
56.573963 0.000000 312.000000 
2420.506083 554.958366 1200.000000 
29187.579113 868.799513 1200.000000 
19049.448281 1211.187712 1200.000000 
117.535697 0.000000 334.000000 
32765.670137 1000.214842 1200.000000 
13306.270340 894.982456 1200.000000 
84.971894 0.000000 311.000000 
68615.791946 3501.062197 1200.000000 
157.178378 0.000000 402.000000 
39549.866226 871.863570 1200.000000 
14291.432019 913.186232 1200.000000 
93634.905478 17717.032811 1200.000000 
11123.014994 10329.709506 1200.000000 
96208.446098 64631.025484 1200.000000 
67698.696944 60505.971795 1200.000000 
266.690685 0.000000 440.000000 
76.444852 0.000000 422.000000 
211.805139 0.000000 1081.000000 
95.748674 0.000000 344.000000 
31.296092 0.000000 461.000000 
114.287723 0.000000 230.000000 
124.053620 0.000000 352.000000 
76739.625912 618.092760 1200.000000 
146.759124 0.000000 242.000000 
12194.262941 482.989150 1200.000000 
