114768.096410 114768.096410 1200.000000 
154582.574084 148201.673270 1200.000000 
156253.750861 148258.174581 1200.000000 
155402.957602 143056.215274 1200.000000 
96.008458 0.000000 351.000000 
85.426021 0.000000 503.000000 
156370.173731 146456.276760 1200.000000 
158602.862851 147261.469781 1200.000000 
118.559898 0.000000 1059.000000 
137.640010 0.000000 973.000000 
70496.765677 70496.765677 1200.000000 
140976.165878 140149.613723 1200.000000 
159262.221595 148007.711427 1200.000000 
155786.815894 144148.003733 1200.000000 
90.372167 0.000000 450.000000 
119.031758 0.000000 351.000000 
147230.051212 145610.246325 1200.000000 
133.033359 0.000000 1095.000000 
66.979350 0.000000 1046.000000 
151261.512633 145910.981022 1200.000000 
114768.096410 114768.096410 1200.000000 
154582.574084 148201.673270 1200.000000 
156253.750861 148258.174581 1200.000000 
155402.957602 143056.215274 1200.000000 
96.008458 0.000000 351.000000 
85.426021 0.000000 503.000000 
156370.173731 146456.276760 1200.000000 
158602.862851 147261.469781 1200.000000 
118.559898 0.000000 1059.000000 
137.640010 0.000000 973.000000 
70496.765677 70496.765677 1200.000000 
140976.165878 140149.613723 1200.000000 
159262.221595 148007.711427 1200.000000 
155786.815894 144148.003733 1200.000000 
90.372167 0.000000 450.000000 
119.031758 0.000000 351.000000 
147230.051212 145610.246325 1200.000000 
133.033359 0.000000 1095.000000 
66.979350 0.000000 1046.000000 
151261.512633 145910.981022 1200.000000 
