171.051968 0.000000 595.000000 
89.530960 0.000000 583.000000 
33320.537064 514.271421 1200.000000 
27312.382866 15976.526605 1200.000000 
48102.457121 44017.828238 1200.000000 
88.359791 0.000000 191.000000 
116632.223221 104439.581791 1200.000000 
123760.948981 120181.361218 1200.000000 
46887.540027 21055.510301 1200.000000 
43.859582 0.000000 470.000000 
47247.776384 456.965565 1200.000000 
87.454078 0.000000 564.000000 
120.688325 0.000000 272.000000 
87952.448046 72753.883728 1200.000000 
125.797507 0.000000 1128.000000 
129.731583 0.000000 243.000000 
93.530841 0.000000 777.000000 
104095.717867 60835.124670 1200.000000 
59444.835651 1355.562601 1200.000000 
58236.091143 23982.952492 1200.000000 
171.051968 0.000000 595.000000 
89.530960 0.000000 583.000000 
33320.537064 514.271421 1200.000000 
27312.382866 15976.526605 1200.000000 
48102.457121 44017.828238 1200.000000 
88.359791 0.000000 191.000000 
116632.223221 104439.581791 1200.000000 
123760.948981 120181.361218 1200.000000 
46887.540027 21055.510301 1200.000000 
43.859582 0.000000 470.000000 
47247.776384 456.965565 1200.000000 
87.454078 0.000000 564.000000 
120.688325 0.000000 272.000000 
87952.448046 72753.883728 1200.000000 
125.797507 0.000000 1128.000000 
129.731583 0.000000 243.000000 
93.530841 0.000000 777.000000 
104095.717867 60835.124670 1200.000000 
59444.835651 1355.562601 1200.000000 
58236.091143 23982.952492 1200.000000 
