90.964694 0.000000 927.000000 
71.228417 0.000000 408.000000 
104.709487 0.000000 359.000000 
76.944671 0.000000 792.000000 
124.182107 0.000000 494.000000 
105.324921 0.000000 419.000000 
56.909976 0.000000 164.000000 
29469.263575 1000.750613 1200.000000 
174.183847 0.000000 421.000000 
82.934474 0.000000 409.000000 
107.104020 0.000000 491.000000 
270.032832 0.000000 426.000000 
143.739533 0.000000 1094.000000 
98714.458819 904.643772 1200.000000 
139.209151 0.000000 369.000000 
88.907036 0.000000 840.000000 
168.641392 0.000000 407.000000 
102995.368614 2233.859403 1200.000000 
124.042054 0.000000 885.000000 
97.774369 0.000000 417.000000 
113.747781 0.000000 396.000000 
88.882122 0.000000 367.000000 
122.627342 0.000000 359.000000 
76590.080061 3385.193051 1200.000000 
105.533333 0.000000 392.000000 
99.279430 0.000000 365.000000 
82.745535 0.000000 188.000000 
78194.370343 2255.375089 1200.000000 
63.271486 0.000000 369.000000 
56.624954 0.000000 342.000000 
67.250556 0.000000 411.000000 
63.214171 0.000000 371.000000 
75.857528 0.000000 397.000000 
75670.463303 2813.051187 1200.000000 
107.526531 0.000000 355.000000 
125.333615 0.000000 353.000000 
49.000401 0.000000 366.000000 
94385.004004 5557.380510 1200.000000 
114.627428 0.000000 396.000000 
85.643307 0.000000 367.000000 
187272.000000 156800.000000 1200.000000 
109.797654 0.000000 382.000000 
165.223347 0.000000 381.000000 
25478.454484 247.957697 1200.000000 
82.081429 0.000000 525.000000 
84.980492 0.000000 400.000000 
53.489277 0.000000 383.000000 
65.922625 0.000000 802.000000 
130.171681 0.000000 393.000000 
108.595487 0.000000 374.000000 
145.781762 0.000000 525.000000 
38.418049 0.000000 428.000000 
187272.000000 156800.000000 1200.000000 
119.502485 0.000000 788.000000 
95.358119 0.000000 376.000000 
109.772674 0.000000 839.000000 
84.909543 0.000000 377.000000 
92150.476557 1173.244049 1200.000000 
187272.000000 156800.000000 1200.000000 
125.247296 0.000000 362.000000 
35413.753691 4845.084125 1200.000000 
21546.553866 9304.607374 1200.000000 
132.434736 0.000000 341.000000 
46.617707 0.000000 951.000000 
170.137635 0.000000 413.000000 
187.287328 0.000000 797.000000 
30822.143246 4860.469879 1200.000000 
134.960947 0.000000 324.000000 
83.838840 0.000000 678.000000 
24016.782065 2774.756394 1200.000000 
94.797643 0.000000 969.000000 
27418.184914 4461.442012 1200.000000 
34551.495628 1735.251624 1200.000000 
113.776487 0.000000 347.000000 
134.064905 0.000000 731.000000 
58.771305 0.000000 454.000000 
12351.883792 4920.434671 1200.000000 
17994.492868 585.472904 1200.000000 
125759.304508 3386.300853 1200.000000 
8807.249590 8283.920571 1200.000000 
60504.674225 1862.880589 1200.000000 
15357.426428 5065.423065 1200.000000 
188.207741 0.000000 288.000000 
222.733203 0.000000 282.000000 
163.443432 0.000000 1000.000000 
178.549084 0.000000 342.000000 
66457.843715 1487.565099 1200.000000 
106.790684 0.000000 336.000000 
134.305168 0.000000 766.000000 
16774.297953 4459.304187 1200.000000 
128.828447 0.000000 345.000000 
41441.988429 16346.511625 1200.000000 
21562.564853 2975.994353 1200.000000 
148.766687 0.000000 282.000000 
178.998707 0.000000 315.000000 
145.716262 0.000000 371.000000 
25034.550492 20073.646385 1200.000000 
79.730210 0.000000 281.000000 
19217.501630 3879.858817 1200.000000 
18429.427925 9940.566867 1200.000000 
90.964694 0.000000 927.000000 
71.228417 0.000000 408.000000 
104.709487 0.000000 359.000000 
76.944671 0.000000 792.000000 
124.182107 0.000000 494.000000 
105.324921 0.000000 419.000000 
56.909976 0.000000 164.000000 
29469.263575 1000.750613 1200.000000 
174.183847 0.000000 421.000000 
82.934474 0.000000 409.000000 
107.104020 0.000000 491.000000 
270.032832 0.000000 426.000000 
143.739533 0.000000 1094.000000 
98714.458819 904.643772 1200.000000 
139.209151 0.000000 369.000000 
88.907036 0.000000 840.000000 
168.641392 0.000000 407.000000 
102995.368614 2233.859403 1200.000000 
124.042054 0.000000 885.000000 
97.774369 0.000000 417.000000 
113.747781 0.000000 396.000000 
88.882122 0.000000 367.000000 
122.627342 0.000000 359.000000 
76590.080061 3385.193051 1200.000000 
105.533333 0.000000 392.000000 
99.279430 0.000000 365.000000 
82.745535 0.000000 188.000000 
78194.370343 2255.375089 1200.000000 
63.271486 0.000000 369.000000 
56.624954 0.000000 342.000000 
67.250556 0.000000 411.000000 
63.214171 0.000000 371.000000 
75.857528 0.000000 397.000000 
75670.463303 2813.051187 1200.000000 
107.526531 0.000000 355.000000 
125.333615 0.000000 353.000000 
49.000401 0.000000 366.000000 
94385.004004 5557.380510 1200.000000 
114.627428 0.000000 396.000000 
85.643307 0.000000 367.000000 
187272.000000 156800.000000 1200.000000 
109.797654 0.000000 382.000000 
165.223347 0.000000 381.000000 
25478.454484 247.957697 1200.000000 
82.081429 0.000000 525.000000 
84.980492 0.000000 400.000000 
53.489277 0.000000 383.000000 
65.922625 0.000000 802.000000 
130.171681 0.000000 393.000000 
108.595487 0.000000 374.000000 
145.781762 0.000000 525.000000 
38.418049 0.000000 428.000000 
187272.000000 156800.000000 1200.000000 
119.502485 0.000000 788.000000 
95.358119 0.000000 376.000000 
109.772674 0.000000 839.000000 
84.909543 0.000000 377.000000 
92150.476557 1173.244049 1200.000000 
187272.000000 156800.000000 1200.000000 
125.247296 0.000000 362.000000 
35413.753691 4845.084125 1200.000000 
21546.553866 9304.607374 1200.000000 
132.434736 0.000000 341.000000 
46.617707 0.000000 951.000000 
170.137635 0.000000 413.000000 
187.287328 0.000000 797.000000 
30822.143246 4860.469879 1200.000000 
134.960947 0.000000 324.000000 
83.838840 0.000000 678.000000 
24016.782065 2774.756394 1200.000000 
94.797643 0.000000 969.000000 
27418.184914 4461.442012 1200.000000 
34551.495628 1735.251624 1200.000000 
113.776487 0.000000 347.000000 
134.064905 0.000000 731.000000 
58.771305 0.000000 454.000000 
12351.883792 4920.434671 1200.000000 
17994.492868 585.472904 1200.000000 
125759.304508 3386.300853 1200.000000 
8807.249590 8283.920571 1200.000000 
60504.674225 1862.880589 1200.000000 
15357.426428 5065.423065 1200.000000 
188.207741 0.000000 288.000000 
222.733203 0.000000 282.000000 
163.443432 0.000000 1000.000000 
178.549084 0.000000 342.000000 
66457.843715 1487.565099 1200.000000 
106.790684 0.000000 336.000000 
134.305168 0.000000 766.000000 
16774.297953 4459.304187 1200.000000 
128.828447 0.000000 345.000000 
41441.988429 16346.511625 1200.000000 
21562.564853 2975.994353 1200.000000 
148.766687 0.000000 282.000000 
178.998707 0.000000 315.000000 
145.716262 0.000000 371.000000 
25034.550492 20073.646385 1200.000000 
79.730210 0.000000 281.000000 
19217.501630 3879.858817 1200.000000 
18429.427925 9940.566867 1200.000000 
