2809.819990 1935.818421 1200.000000 
114.775149 0.000000 285.000000 
122.945493 0.000000 290.000000 
138.327855 0.000000 349.000000 
36199.039004 9970.621179 1200.000000 
155.020535 0.000000 591.000000 
71.864248 0.000000 217.000000 
91.904569 0.000000 254.000000 
219.644106 0.000000 259.000000 
53000.570460 7166.658877 1200.000000 
153.431534 0.000000 557.000000 
133.976492 0.000000 216.000000 
215.136038 0.000000 215.000000 
114.184660 0.000000 262.000000 
117251.845209 24443.940337 1200.000000 
8356.406284 6018.625143 1200.000000 
125.341253 0.000000 257.000000 
41.510296 0.000000 952.000000 
131.726830 0.000000 1038.000000 
45103.808991 7408.130692 1200.000000 
158.256844 0.000000 489.000000 
223.424714 0.000000 232.000000 
50.029931 0.000000 689.000000 
76519.260719 52655.492574 1200.000000 
34800.005574 4188.921086 1200.000000 
936.984371 595.958061 1200.000000 
53.153670 0.000000 325.000000 
172.703365 0.000000 413.000000 
78.303934 0.000000 363.000000 
14468.088447 14468.088447 1200.000000 
142.079310 0.000000 529.000000 
155.027050 0.000000 207.000000 
82.939630 0.000000 230.000000 
164.970381 0.000000 260.000000 
71269.985368 4633.632578 1200.000000 
166.647095 0.000000 481.000000 
53.074997 0.000000 235.000000 
143.257288 0.000000 654.000000 
116.114011 0.000000 247.000000 
13505.137535 5987.141573 1200.000000 
32735.234236 15252.859729 1200.000000 
176.992532 0.000000 237.000000 
201.030346 0.000000 237.000000 
122.421079 0.000000 308.000000 
40406.658840 11005.375108 1200.000000 
39588.711686 1193.377008 1200.000000 
1552.308672 606.142815 1200.000000 
9621.340237 734.513876 1200.000000 
134.402432 0.000000 322.000000 
34559.446813 5289.158516 1200.000000 
2067.951596 847.526001 1200.000000 
66.032420 0.000000 270.000000 
105.953103 0.000000 359.000000 
86.131912 0.000000 349.000000 
59221.719198 12047.909669 1200.000000 
65.343369 0.000000 728.000000 
4324.513836 977.796747 1200.000000 
39.661042 0.000000 202.000000 
133.148722 0.000000 272.000000 
83.733084 0.000000 745.000000 
479.259939 479.259939 1200.000000 
47.444599 0.000000 234.000000 
268.142894 0.000000 374.000000 
103.054675 0.000000 341.000000 
79209.193170 5923.187629 1200.000000 
149.746140 0.000000 528.000000 
80.282270 0.000000 237.000000 
63.077797 0.000000 710.000000 
137.444059 0.000000 1039.000000 
25095.147959 4381.772235 1200.000000 
40311.125690 261.208416 1200.000000 
72.828344 0.000000 276.000000 
87.717885 0.000000 256.000000 
180.611270 0.000000 251.000000 
72897.685715 5831.186572 1200.000000 
20910.144603 14460.614962 1200.000000 
33.002304 0.000000 289.000000 
141.291088 0.000000 496.000000 
78.440569 0.000000 545.000000 
37816.052317 9149.242897 1200.000000 
137.851669 0.000000 599.000000 
125.528549 0.000000 232.000000 
19637.110967 658.464846 1200.000000 
183.279845 0.000000 994.000000 
44976.132062 7589.548906 1200.000000 
13723.225150 252.608008 1200.000000 
105.323044 0.000000 256.000000 
142.801158 0.000000 814.000000 
195.043506 0.000000 280.000000 
45222.011579 2894.029220 1200.000000 
19408.465611 1190.116782 1200.000000 
60.691634 0.000000 250.000000 
151.039004 0.000000 255.000000 
104.922799 0.000000 339.000000 
53497.111100 4877.939804 1200.000000 
257.379971 0.000000 642.000000 
112.249581 0.000000 430.000000 
65.079122 0.000000 266.000000 
77.590403 0.000000 287.000000 
16456.997092 3464.885952 1200.000000 
2809.819990 1935.818421 1200.000000 
114.775149 0.000000 285.000000 
122.945493 0.000000 290.000000 
138.327855 0.000000 349.000000 
36199.039004 9970.621179 1200.000000 
155.020535 0.000000 591.000000 
71.864248 0.000000 217.000000 
91.904569 0.000000 254.000000 
219.644106 0.000000 259.000000 
53000.570460 7166.658877 1200.000000 
153.431534 0.000000 557.000000 
133.976492 0.000000 216.000000 
215.136038 0.000000 215.000000 
114.184660 0.000000 262.000000 
117251.845209 24443.940337 1200.000000 
8356.406284 6018.625143 1200.000000 
125.341253 0.000000 257.000000 
41.510296 0.000000 952.000000 
131.726830 0.000000 1038.000000 
45103.808991 7408.130692 1200.000000 
158.256844 0.000000 489.000000 
223.424714 0.000000 232.000000 
50.029931 0.000000 689.000000 
76519.260719 52655.492574 1200.000000 
34800.005574 4188.921086 1200.000000 
936.984371 595.958061 1200.000000 
53.153670 0.000000 325.000000 
172.703365 0.000000 413.000000 
78.303934 0.000000 363.000000 
14468.088447 14468.088447 1200.000000 
142.079310 0.000000 529.000000 
155.027050 0.000000 207.000000 
82.939630 0.000000 230.000000 
164.970381 0.000000 260.000000 
71269.985368 4633.632578 1200.000000 
166.647095 0.000000 481.000000 
53.074997 0.000000 235.000000 
143.257288 0.000000 654.000000 
116.114011 0.000000 247.000000 
13505.137535 5987.141573 1200.000000 
32735.234236 15252.859729 1200.000000 
176.992532 0.000000 237.000000 
201.030346 0.000000 237.000000 
122.421079 0.000000 308.000000 
40406.658840 11005.375108 1200.000000 
39588.711686 1193.377008 1200.000000 
1552.308672 606.142815 1200.000000 
9621.340237 734.513876 1200.000000 
134.402432 0.000000 322.000000 
34559.446813 5289.158516 1200.000000 
2067.951596 847.526001 1200.000000 
66.032420 0.000000 270.000000 
105.953103 0.000000 359.000000 
86.131912 0.000000 349.000000 
59221.719198 12047.909669 1200.000000 
65.343369 0.000000 728.000000 
4324.513836 977.796747 1200.000000 
39.661042 0.000000 202.000000 
133.148722 0.000000 272.000000 
83.733084 0.000000 745.000000 
479.259939 479.259939 1200.000000 
47.444599 0.000000 234.000000 
268.142894 0.000000 374.000000 
103.054675 0.000000 341.000000 
79209.193170 5923.187629 1200.000000 
149.746140 0.000000 528.000000 
80.282270 0.000000 237.000000 
63.077797 0.000000 710.000000 
137.444059 0.000000 1039.000000 
25095.147959 4381.772235 1200.000000 
40311.125690 261.208416 1200.000000 
72.828344 0.000000 276.000000 
87.717885 0.000000 256.000000 
180.611270 0.000000 251.000000 
72897.685715 5831.186572 1200.000000 
20910.144603 14460.614962 1200.000000 
33.002304 0.000000 289.000000 
141.291088 0.000000 496.000000 
78.440569 0.000000 545.000000 
37816.052317 9149.242897 1200.000000 
137.851669 0.000000 599.000000 
125.528549 0.000000 232.000000 
19637.110967 658.464846 1200.000000 
183.279845 0.000000 994.000000 
44976.132062 7589.548906 1200.000000 
13723.225150 252.608008 1200.000000 
105.323044 0.000000 256.000000 
142.801158 0.000000 814.000000 
195.043506 0.000000 280.000000 
45222.011579 2894.029220 1200.000000 
19408.465611 1190.116782 1200.000000 
60.691634 0.000000 250.000000 
151.039004 0.000000 255.000000 
104.922799 0.000000 339.000000 
53497.111100 4877.939804 1200.000000 
257.379971 0.000000 642.000000 
112.249581 0.000000 430.000000 
65.079122 0.000000 266.000000 
77.590403 0.000000 287.000000 
16456.997092 3464.885952 1200.000000 
