187272.000000 156800.000000 1200.000000 
109367.055878 105271.974446 1200.000000 
114561.841670 60020.164889 1200.000000 
111053.985591 104905.104815 1200.000000 
165461.804641 126248.992173 1200.000000 
137.460330 0.000000 241.000000 
45584.488454 12037.964711 1200.000000 
62939.147176 5459.240397 1200.000000 
89753.208760 5179.504116 1200.000000 
119071.261694 1333.154604 1200.000000 
187161.979057 156800.000000 1200.000000 
150815.270906 134755.141289 1200.000000 
137058.252213 107672.720422 1200.000000 
150945.474916 131872.959410 1200.000000 
103822.923694 53523.939223 1200.000000 
155456.053320 134411.222669 1200.000000 
100479.097950 94271.921302 1200.000000 
94108.795314 87526.356501 1200.000000 
98539.589016 95946.785187 1200.000000 
154237.848218 129683.479511 1200.000000 
87.389282 0.000000 559.000000 
66686.803806 15902.642649 1200.000000 
62552.910077 3041.216093 1200.000000 
72753.521900 9914.862703 1200.000000 
35596.130947 2298.448617 1200.000000 
99.174680 0.000000 623.000000 
62091.490308 1600.793797 1200.000000 
155.604271 0.000000 849.000000 
1207.462785 507.331314 1200.000000 
111.778462 0.000000 1108.000000 
187272.000000 156800.000000 1200.000000 
42996.534892 788.858527 1200.000000 
156.008539 0.000000 253.000000 
254.695072 0.000000 420.000000 
130.810845 0.000000 950.000000 
135.479654 0.000000 776.000000 
90818.818420 58729.507348 1200.000000 
35055.899608 7705.743795 1200.000000 
121296.333375 39029.195981 1200.000000 
105962.001714 1938.314552 1200.000000 
7875.448285 1362.435012 1200.000000 
31705.487145 23862.102297 1200.000000 
54012.306692 53075.174164 1200.000000 
4294.070189 3785.772820 1200.000000 
61433.491542 59417.415304 1200.000000 
121.901841 0.000000 538.000000 
27768.819510 5206.822189 1200.000000 
27399.937575 3043.426461 1200.000000 
50779.406905 3070.720538 1200.000000 
41486.643691 1328.680352 1200.000000 
112.698624 0.000000 731.000000 
54803.438642 714.761882 1200.000000 
157.994281 0.000000 241.000000 
44519.930183 357.751885 1200.000000 
177.650519 0.000000 1018.000000 
129.145707 0.000000 870.000000 
28272.419074 2874.758976 1200.000000 
91.682067 0.000000 259.000000 
67.241506 0.000000 1169.000000 
83049.686807 236.326131 1200.000000 
47456.179596 2269.537143 1200.000000 
42.231890 0.000000 829.000000 
55215.008728 49669.547098 1200.000000 
67.317634 0.000000 778.000000 
69.970330 0.000000 990.000000 
2276.173888 790.168724 1200.000000 
76963.806636 71766.373456 1200.000000 
120205.683274 59910.209309 1200.000000 
2453.858215 2045.151210 1200.000000 
164486.617772 81011.629792 1200.000000 
82492.981975 62959.598456 1200.000000 
52889.774977 864.662448 1200.000000 
52380.957917 1158.336647 1200.000000 
73488.498981 918.875543 1200.000000 
124.651778 0.000000 287.000000 
42713.056827 13863.047679 1200.000000 
82.393338 0.000000 377.000000 
100538.139011 57284.606298 1200.000000 
93.764660 0.000000 280.000000 
181348.996516 60652.491052 1200.000000 
148.370234 0.000000 646.000000 
78931.564333 48767.894526 1200.000000 
44945.218153 8412.109870 1200.000000 
69343.904273 21331.140375 1200.000000 
84356.840497 3312.468699 1200.000000 
126.015041 0.000000 246.000000 
13580.811414 9944.430537 1200.000000 
61380.030927 5944.030856 1200.000000 
12990.405636 10202.518705 1200.000000 
57702.005387 6525.321827 1200.000000 
176.378288 0.000000 227.000000 
59487.071088 7809.778092 1200.000000 
41114.180607 2710.195162 1200.000000 
25396.812810 2295.389129 1200.000000 
2453.718379 964.715381 1200.000000 
55294.984504 470.342178 1200.000000 
65918.013800 26509.187141 1200.000000 
69708.593351 28393.021896 1200.000000 
22101.196019 839.178977 1200.000000 
46603.754683 33339.079232 1200.000000 
187272.000000 156800.000000 1200.000000 
109367.055878 105271.974446 1200.000000 
114561.841670 60020.164889 1200.000000 
111053.985591 104905.104815 1200.000000 
165461.804641 126248.992173 1200.000000 
137.460330 0.000000 241.000000 
45584.488454 12037.964711 1200.000000 
62939.147176 5459.240397 1200.000000 
89753.208760 5179.504116 1200.000000 
119071.261694 1333.154604 1200.000000 
187161.979057 156800.000000 1200.000000 
150815.270906 134755.141289 1200.000000 
137058.252213 107672.720422 1200.000000 
150945.474916 131872.959410 1200.000000 
103822.923694 53523.939223 1200.000000 
155456.053320 134411.222669 1200.000000 
100479.097950 94271.921302 1200.000000 
94108.795314 87526.356501 1200.000000 
98539.589016 95946.785187 1200.000000 
154237.848218 129683.479511 1200.000000 
87.389282 0.000000 559.000000 
66686.803806 15902.642649 1200.000000 
62552.910077 3041.216093 1200.000000 
72753.521900 9914.862703 1200.000000 
35596.130947 2298.448617 1200.000000 
99.174680 0.000000 623.000000 
62091.490308 1600.793797 1200.000000 
155.604271 0.000000 849.000000 
1207.462785 507.331314 1200.000000 
111.778462 0.000000 1108.000000 
187272.000000 156800.000000 1200.000000 
42996.534892 788.858527 1200.000000 
156.008539 0.000000 253.000000 
254.695072 0.000000 420.000000 
130.810845 0.000000 950.000000 
135.479654 0.000000 776.000000 
90818.818420 58729.507348 1200.000000 
35055.899608 7705.743795 1200.000000 
121296.333375 39029.195981 1200.000000 
105962.001714 1938.314552 1200.000000 
7875.448285 1362.435012 1200.000000 
31705.487145 23862.102297 1200.000000 
54012.306692 53075.174164 1200.000000 
4294.070189 3785.772820 1200.000000 
61433.491542 59417.415304 1200.000000 
121.901841 0.000000 538.000000 
27768.819510 5206.822189 1200.000000 
27399.937575 3043.426461 1200.000000 
50779.406905 3070.720538 1200.000000 
41486.643691 1328.680352 1200.000000 
112.698624 0.000000 731.000000 
54803.438642 714.761882 1200.000000 
157.994281 0.000000 241.000000 
44519.930183 357.751885 1200.000000 
177.650519 0.000000 1018.000000 
129.145707 0.000000 870.000000 
28272.419074 2874.758976 1200.000000 
91.682067 0.000000 259.000000 
67.241506 0.000000 1169.000000 
83049.686807 236.326131 1200.000000 
47456.179596 2269.537143 1200.000000 
42.231890 0.000000 829.000000 
55215.008728 49669.547098 1200.000000 
67.317634 0.000000 778.000000 
69.970330 0.000000 990.000000 
2276.173888 790.168724 1200.000000 
76963.806636 71766.373456 1200.000000 
120205.683274 59910.209309 1200.000000 
2453.858215 2045.151210 1200.000000 
164486.617772 81011.629792 1200.000000 
82492.981975 62959.598456 1200.000000 
52889.774977 864.662448 1200.000000 
52380.957917 1158.336647 1200.000000 
73488.498981 918.875543 1200.000000 
124.651778 0.000000 287.000000 
42713.056827 13863.047679 1200.000000 
82.393338 0.000000 377.000000 
100538.139011 57284.606298 1200.000000 
93.764660 0.000000 280.000000 
181348.996516 60652.491052 1200.000000 
148.370234 0.000000 646.000000 
78931.564333 48767.894526 1200.000000 
44945.218153 8412.109870 1200.000000 
69343.904273 21331.140375 1200.000000 
84356.840497 3312.468699 1200.000000 
126.015041 0.000000 246.000000 
13580.811414 9944.430537 1200.000000 
61380.030927 5944.030856 1200.000000 
12990.405636 10202.518705 1200.000000 
57702.005387 6525.321827 1200.000000 
176.378288 0.000000 227.000000 
59487.071088 7809.778092 1200.000000 
41114.180607 2710.195162 1200.000000 
25396.812810 2295.389129 1200.000000 
2453.718379 964.715381 1200.000000 
55294.984504 470.342178 1200.000000 
65918.013800 26509.187141 1200.000000 
69708.593351 28393.021896 1200.000000 
22101.196019 839.178977 1200.000000 
46603.754683 33339.079232 1200.000000 
