137.441386 0.000000 762.000000 
17815.906567 2353.832068 1200.000000 
119.327973 0.000000 418.000000 
103.370088 0.000000 482.000000 
47.903785 0.000000 298.000000 
58.468496 0.000000 192.000000 
12074.168073 327.248039 1200.000000 
2932.237506 684.887130 1200.000000 
29143.310604 542.870445 1200.000000 
24208.998136 19123.679398 1200.000000 
32.835106 0.000000 90.000000 
65.368254 0.000000 341.000000 
57.537736 0.000000 1004.000000 
61643.436751 2990.496682 1200.000000 
14728.378684 2705.779110 1200.000000 
35.154783 0.000000 374.000000 
139.332173 0.000000 772.000000 
42.583693 0.000000 145.000000 
46353.292796 3723.711761 1200.000000 
67901.265230 1433.036677 1200.000000 
137.441386 0.000000 762.000000 
17815.906567 2353.832068 1200.000000 
119.327973 0.000000 418.000000 
103.370088 0.000000 482.000000 
47.903785 0.000000 298.000000 
58.468496 0.000000 192.000000 
12074.168073 327.248039 1200.000000 
2932.237506 684.887130 1200.000000 
29143.310604 542.870445 1200.000000 
24208.998136 19123.679398 1200.000000 
32.835106 0.000000 90.000000 
65.368254 0.000000 341.000000 
57.537736 0.000000 1004.000000 
61643.436751 2990.496682 1200.000000 
14728.378684 2705.779110 1200.000000 
35.154783 0.000000 374.000000 
139.332173 0.000000 772.000000 
42.583693 0.000000 145.000000 
46353.292796 3723.711761 1200.000000 
67901.265230 1433.036677 1200.000000 
