125.211293 0.000000 970.000000 
87.361224 0.000000 408.000000 
96.115500 0.000000 354.000000 
403.565603 349.711999 1200.000000 
106.271408 0.000000 383.000000 
141.492687 0.000000 359.000000 
66836.480540 216.339408 1200.000000 
135003.527940 134941.441953 1200.000000 
131.736753 0.000000 270.000000 
91864.207271 57131.870505 1200.000000 
187272.000000 156800.000000 1200.000000 
63847.108092 55071.578109 1200.000000 
145565.675641 145477.612927 1200.000000 
147131.075940 146974.289738 1200.000000 
104055.000895 103856.260603 1200.000000 
152662.204527 145808.936239 1200.000000 
187272.000000 156800.000000 1200.000000 
168575.283531 59734.160124 1200.000000 
91658.159314 3529.188911 1200.000000 
40958.913167 35268.673721 1200.000000 
121.780809 0.000000 532.000000 
128813.448858 2316.500597 1200.000000 
150.047462 0.000000 282.000000 
76561.461074 7500.189220 1200.000000 
14373.078134 5196.642778 1200.000000 
224.581894 0.000000 427.000000 
59606.849156 28478.801671 1200.000000 
25064.013444 5049.072615 1200.000000 
17399.405692 1081.266774 1200.000000 
13084.492260 3860.038361 1200.000000 
10271.488452 6046.166142 1200.000000 
92.844933 0.000000 555.000000 
74281.283763 7693.277385 1200.000000 
153.336577 0.000000 617.000000 
93.724082 0.000000 408.000000 
140.985215 0.000000 799.000000 
97157.416657 61112.814235 1200.000000 
187272.000000 156800.000000 1200.000000 
65406.670154 56856.771348 1200.000000 
32915.506071 31849.086278 1200.000000 
1261.985397 1261.985397 1200.000000 
111641.634298 63329.758262 1200.000000 
55795.798528 1945.979991 1200.000000 
112.294636 0.000000 1071.000000 
8110.592557 1734.209021 1200.000000 
99317.929885 96472.327544 1200.000000 
97183.382696 97142.509315 1200.000000 
84060.225739 77942.126530 1200.000000 
145.750934 0.000000 573.000000 
15304.314839 9201.114033 1200.000000 
139285.806377 87544.590351 1200.000000 
65438.287462 2921.170240 1200.000000 
122.995752 0.000000 382.000000 
10272.917372 10023.180855 1200.000000 
142710.139312 26398.421462 1200.000000 
121695.480943 41642.579798 1200.000000 
39444.403885 19476.106943 1200.000000 
158312.588271 142907.643953 1200.000000 
173049.011112 156800.000000 1200.000000 
78907.443763 57373.524289 1200.000000 
125.211293 0.000000 970.000000 
87.361224 0.000000 408.000000 
96.115500 0.000000 354.000000 
403.565603 349.711999 1200.000000 
106.271408 0.000000 383.000000 
141.492687 0.000000 359.000000 
66836.480540 216.339408 1200.000000 
135003.527940 134941.441953 1200.000000 
131.736753 0.000000 270.000000 
91864.207271 57131.870505 1200.000000 
187272.000000 156800.000000 1200.000000 
63847.108092 55071.578109 1200.000000 
145565.675641 145477.612927 1200.000000 
147131.075940 146974.289738 1200.000000 
104055.000895 103856.260603 1200.000000 
152662.204527 145808.936239 1200.000000 
187272.000000 156800.000000 1200.000000 
168575.283531 59734.160124 1200.000000 
91658.159314 3529.188911 1200.000000 
40958.913167 35268.673721 1200.000000 
121.780809 0.000000 532.000000 
128813.448858 2316.500597 1200.000000 
150.047462 0.000000 282.000000 
76561.461074 7500.189220 1200.000000 
14373.078134 5196.642778 1200.000000 
224.581894 0.000000 427.000000 
59606.849156 28478.801671 1200.000000 
25064.013444 5049.072615 1200.000000 
17399.405692 1081.266774 1200.000000 
13084.492260 3860.038361 1200.000000 
10271.488452 6046.166142 1200.000000 
92.844933 0.000000 555.000000 
74281.283763 7693.277385 1200.000000 
153.336577 0.000000 617.000000 
93.724082 0.000000 408.000000 
140.985215 0.000000 799.000000 
97157.416657 61112.814235 1200.000000 
187272.000000 156800.000000 1200.000000 
65406.670154 56856.771348 1200.000000 
32915.506071 31849.086278 1200.000000 
1261.985397 1261.985397 1200.000000 
111641.634298 63329.758262 1200.000000 
55795.798528 1945.979991 1200.000000 
112.294636 0.000000 1071.000000 
8110.592557 1734.209021 1200.000000 
99317.929885 96472.327544 1200.000000 
97183.382696 97142.509315 1200.000000 
84060.225739 77942.126530 1200.000000 
145.750934 0.000000 573.000000 
15304.314839 9201.114033 1200.000000 
139285.806377 87544.590351 1200.000000 
65438.287462 2921.170240 1200.000000 
122.995752 0.000000 382.000000 
10272.917372 10023.180855 1200.000000 
142710.139312 26398.421462 1200.000000 
121695.480943 41642.579798 1200.000000 
39444.403885 19476.106943 1200.000000 
158312.588271 142907.643953 1200.000000 
173049.011112 156800.000000 1200.000000 
78907.443763 57373.524289 1200.000000 
