151540.782040 141417.002997 1200.000000 
154297.145286 143762.040375 1200.000000 
169345.222141 694.927170 1200.000000 
116.026440 0.000000 257.000000 
168926.778326 152582.202546 1200.000000 
55972.147824 11099.813062 1200.000000 
43852.024004 38833.188907 1200.000000 
129462.366472 1836.367499 1200.000000 
43353.890144 7727.745081 1200.000000 
154.127773 0.000000 342.000000 
15979.292989 10867.287921 1200.000000 
60830.706436 15398.385154 1200.000000 
98974.607142 1576.994481 1200.000000 
13007.249677 5335.686571 1200.000000 
34552.006314 20368.793850 1200.000000 
145881.870043 135113.646276 1200.000000 
26605.981685 26605.981685 1200.000000 
740.711531 672.445823 1200.000000 
36075.426900 400.855852 1200.000000 
30022.448357 26693.862579 1200.000000 
15241.325468 347.616126 1200.000000 
114739.447588 6586.897577 1200.000000 
46.687617 0.000000 486.000000 
119.908340 0.000000 237.000000 
58027.651714 39953.672482 1200.000000 
21132.020882 7342.630724 1200.000000 
59565.569061 16395.821532 1200.000000 
14728.700632 4209.029423 1200.000000 
7021.120235 4654.796540 1200.000000 
39643.905266 34690.085807 1200.000000 
26667.659426 4052.851870 1200.000000 
40976.287688 9921.097673 1200.000000 
114838.872060 1042.607461 1200.000000 
35714.524003 6244.055180 1200.000000 
39829.890767 27194.637463 1200.000000 
25.773830 0.000000 722.000000 
89.768540 0.000000 972.000000 
30215.967493 26730.721049 1200.000000 
66978.874071 44320.941511 1200.000000 
27967.084296 27612.934261 1200.000000 
81439.449727 3759.171788 1200.000000 
60228.982548 21083.748785 1200.000000 
145332.603030 1637.661872 1200.000000 
62531.022129 3388.351458 1200.000000 
79614.841148 55813.285571 1200.000000 
151141.628683 118372.677959 1200.000000 
154674.015066 118858.480305 1200.000000 
98064.889877 62599.561364 1200.000000 
66770.873505 56838.058145 1200.000000 
93636.000000 93636.000000 1200.000000 
19865.082103 2134.279666 1200.000000 
37945.242176 3383.471260 1200.000000 
29757.327877 29757.327877 1200.000000 
241.031519 0.000000 260.000000 
166693.019862 144775.781650 1200.000000 
62439.914953 4057.810224 1200.000000 
20435.016419 10634.236943 1200.000000 
73864.137149 1665.656483 1200.000000 
57233.989611 4067.170977 1200.000000 
41010.495665 24056.699699 1200.000000 
53249.547470 1166.709322 1200.000000 
71083.437467 6484.294342 1200.000000 
146.887941 0.000000 706.000000 
136.610425 0.000000 348.000000 
54447.700482 32871.197689 1200.000000 
148847.827035 142737.641749 1200.000000 
150497.583590 141111.416340 1200.000000 
60462.458629 913.094720 1200.000000 
69.368021 0.000000 301.000000 
163051.805892 152203.345106 1200.000000 
34672.342048 34610.473488 1200.000000 
121364.466945 38967.579827 1200.000000 
43829.999406 43829.999406 1200.000000 
89467.944304 8907.439543 1200.000000 
37.371208 0.000000 1174.000000 
154.983183 0.000000 810.000000 
16.532954 0.000000 281.000000 
15014.802833 390.576047 1200.000000 
8470.163197 220.422081 1200.000000 
93.403153 0.000000 1009.000000 
97381.056924 8108.197523 1200.000000 
69994.254689 3922.602715 1200.000000 
6807.940030 2011.389188 1200.000000 
97447.118156 4988.817021 1200.000000 
79555.954911 19806.165025 1200.000000 
31005.039940 3305.943255 1200.000000 
29179.318852 13337.222855 1200.000000 
7115.352871 1782.614271 1200.000000 
36671.067689 2834.314472 1200.000000 
46497.177861 23975.422925 1200.000000 
5642.057302 5491.802194 1200.000000 
17685.387271 17168.862435 1200.000000 
183461.413681 37445.909378 1200.000000 
52165.226227 26916.756139 1200.000000 
53217.494051 21727.751014 1200.000000 
85787.709475 57493.367527 1200.000000 
144.543659 0.000000 1131.000000 
109649.090187 22776.125121 1200.000000 
110931.239915 55186.794522 1200.000000 
47186.341775 17929.086840 1200.000000 
151540.782040 141417.002997 1200.000000 
154297.145286 143762.040375 1200.000000 
169345.222141 694.927170 1200.000000 
116.026440 0.000000 257.000000 
168926.778326 152582.202546 1200.000000 
55972.147824 11099.813062 1200.000000 
43852.024004 38833.188907 1200.000000 
129462.366472 1836.367499 1200.000000 
43353.890144 7727.745081 1200.000000 
154.127773 0.000000 342.000000 
15979.292989 10867.287921 1200.000000 
60830.706436 15398.385154 1200.000000 
98974.607142 1576.994481 1200.000000 
13007.249677 5335.686571 1200.000000 
34552.006314 20368.793850 1200.000000 
145881.870043 135113.646276 1200.000000 
26605.981685 26605.981685 1200.000000 
740.711531 672.445823 1200.000000 
36075.426900 400.855852 1200.000000 
30022.448357 26693.862579 1200.000000 
15241.325468 347.616126 1200.000000 
114739.447588 6586.897577 1200.000000 
46.687617 0.000000 486.000000 
119.908340 0.000000 237.000000 
58027.651714 39953.672482 1200.000000 
21132.020882 7342.630724 1200.000000 
59565.569061 16395.821532 1200.000000 
14728.700632 4209.029423 1200.000000 
7021.120235 4654.796540 1200.000000 
39643.905266 34690.085807 1200.000000 
26667.659426 4052.851870 1200.000000 
40976.287688 9921.097673 1200.000000 
114838.872060 1042.607461 1200.000000 
35714.524003 6244.055180 1200.000000 
39829.890767 27194.637463 1200.000000 
25.773830 0.000000 722.000000 
89.768540 0.000000 972.000000 
30215.967493 26730.721049 1200.000000 
66978.874071 44320.941511 1200.000000 
27967.084296 27612.934261 1200.000000 
81439.449727 3759.171788 1200.000000 
60228.982548 21083.748785 1200.000000 
145332.603030 1637.661872 1200.000000 
62531.022129 3388.351458 1200.000000 
79614.841148 55813.285571 1200.000000 
151141.628683 118372.677959 1200.000000 
154674.015066 118858.480305 1200.000000 
98064.889877 62599.561364 1200.000000 
66770.873505 56838.058145 1200.000000 
93636.000000 93636.000000 1200.000000 
19865.082103 2134.279666 1200.000000 
37945.242176 3383.471260 1200.000000 
29757.327877 29757.327877 1200.000000 
241.031519 0.000000 260.000000 
166693.019862 144775.781650 1200.000000 
62439.914953 4057.810224 1200.000000 
20435.016419 10634.236943 1200.000000 
73864.137149 1665.656483 1200.000000 
57233.989611 4067.170977 1200.000000 
41010.495665 24056.699699 1200.000000 
53249.547470 1166.709322 1200.000000 
71083.437467 6484.294342 1200.000000 
146.887941 0.000000 706.000000 
136.610425 0.000000 348.000000 
54447.700482 32871.197689 1200.000000 
148847.827035 142737.641749 1200.000000 
150497.583590 141111.416340 1200.000000 
60462.458629 913.094720 1200.000000 
69.368021 0.000000 301.000000 
163051.805892 152203.345106 1200.000000 
34672.342048 34610.473488 1200.000000 
121364.466945 38967.579827 1200.000000 
43829.999406 43829.999406 1200.000000 
89467.944304 8907.439543 1200.000000 
37.371208 0.000000 1174.000000 
154.983183 0.000000 810.000000 
16.532954 0.000000 281.000000 
15014.802833 390.576047 1200.000000 
8470.163197 220.422081 1200.000000 
93.403153 0.000000 1009.000000 
97381.056924 8108.197523 1200.000000 
69994.254689 3922.602715 1200.000000 
6807.940030 2011.389188 1200.000000 
97447.118156 4988.817021 1200.000000 
79555.954911 19806.165025 1200.000000 
31005.039940 3305.943255 1200.000000 
29179.318852 13337.222855 1200.000000 
7115.352871 1782.614271 1200.000000 
36671.067689 2834.314472 1200.000000 
46497.177861 23975.422925 1200.000000 
5642.057302 5491.802194 1200.000000 
17685.387271 17168.862435 1200.000000 
183461.413681 37445.909378 1200.000000 
52165.226227 26916.756139 1200.000000 
53217.494051 21727.751014 1200.000000 
85787.709475 57493.367527 1200.000000 
144.543659 0.000000 1131.000000 
109649.090187 22776.125121 1200.000000 
110931.239915 55186.794522 1200.000000 
47186.341775 17929.086840 1200.000000 
