18.438865 0.000000 709.000000 
93207.161897 89591.581397 1200.000000 
126964.620606 126220.586982 1200.000000 
187272.000000 156800.000000 1200.000000 
18.357397 0.000000 391.000000 
38402.885861 25897.080888 1200.000000 
29056.012972 29056.012972 1200.000000 
86248.742578 84720.410085 1200.000000 
4933.177260 2000.893143 1200.000000 
179288.936916 156800.000000 1200.000000 
187272.000000 156800.000000 1200.000000 
67.681006 0.000000 138.000000 
110.520486 0.000000 246.000000 
93636.000000 16024.630000 1200.000000 
187272.000000 156800.000000 1200.000000 
176039.433310 156800.000000 1200.000000 
50.072009 0.000000 271.000000 
81901.189229 70996.153902 1200.000000 
161.828257 0.000000 1092.000000 
101289.003827 92009.973595 1200.000000 
37.411859 0.000000 238.000000 
92237.804666 89359.128804 1200.000000 
129843.142440 128751.780504 1200.000000 
178520.050608 156800.000000 1200.000000 
36.185007 0.000000 387.000000 
53275.050421 26039.471377 1200.000000 
28947.195793 28941.876393 1200.000000 
86264.464868 84718.191095 1200.000000 
5280.734483 2106.878131 1200.000000 
181082.614947 156800.000000 1200.000000 
187272.000000 156800.000000 1200.000000 
57.452265 0.000000 175.000000 
59867.331255 494.557670 1200.000000 
92333.202000 16835.714674 1200.000000 
187272.000000 156800.000000 1200.000000 
176107.862330 156800.000000 1200.000000 
73.670351 0.000000 170.000000 
78839.112294 61254.471563 1200.000000 
123.645162 0.000000 1082.000000 
99547.089572 94228.464544 1200.000000 
55.788014 0.000000 293.000000 
80242.112630 77843.248088 1200.000000 
161.760361 0.000000 987.000000 
135.239212 0.000000 1165.000000 
72.765542 0.000000 355.000000 
76075.116528 42644.948304 1200.000000 
48352.689634 42317.845741 1200.000000 
91501.433659 25735.037064 1200.000000 
11697.009512 9566.708036 1200.000000 
26860.195673 26860.195673 1200.000000 
9664.736352 9502.656310 1200.000000 
45.576088 0.000000 150.000000 
96.370239 0.000000 359.000000 
8267.204471 2427.133189 1200.000000 
381.752370 211.778574 1200.000000 
153.994963 0.000000 508.000000 
81.166483 0.000000 215.000000 
17828.378765 937.312093 1200.000000 
38712.215080 38712.215080 1200.000000 
160.542687 0.000000 591.000000 
3561.750574 318.142467 1200.000000 
88610.627391 81959.292805 1200.000000 
129616.909759 128051.486390 1200.000000 
179151.829023 156252.204836 1200.000000 
12.514122 0.000000 398.000000 
40748.871826 25862.433273 1200.000000 
32492.162994 32394.275065 1200.000000 
11041.912130 1487.117128 1200.000000 
3411.119214 2011.306892 1200.000000 
169998.368845 156341.118260 1200.000000 
179515.229476 156800.000000 1200.000000 
64.350642 0.000000 162.000000 
126.905710 0.000000 204.000000 
93636.000000 13893.990207 1200.000000 
178693.237961 156800.000000 1200.000000 
159716.497033 151138.851671 1200.000000 
28.481611 0.000000 172.000000 
75322.810414 71606.179612 1200.000000 
154.073054 0.000000 1071.000000 
98388.481190 94945.274884 1200.000000 
183.063624 0.000000 195.000000 
139.592904 0.000000 320.000000 
133513.825951 87306.433656 1200.000000 
93636.000000 77870.935440 1200.000000 
63.490232 0.000000 536.000000 
124.153039 0.000000 477.000000 
1489.226861 396.030293 1200.000000 
2411.976207 2004.154620 1200.000000 
2776.664280 1088.612029 1200.000000 
90934.753929 69928.494699 1200.000000 
93627.472813 86066.067495 1200.000000 
44.029474 0.000000 126.000000 
31.833235 0.000000 142.000000 
79340.395708 8991.274057 1200.000000 
93636.000000 86078.019492 1200.000000 
163057.057022 92101.123942 1200.000000 
35.685959 0.000000 162.000000 
81306.212529 69760.062771 1200.000000 
139.385757 0.000000 495.000000 
88335.502052 79618.219018 1200.000000 
26.876837 0.000000 239.000000 
91757.460042 85820.598358 1200.000000 
138695.497608 138342.625008 1200.000000 
178393.151522 156521.344549 1200.000000 
141.556508 0.000000 439.000000 
46096.510471 25862.001706 1200.000000 
25263.243518 25214.429991 1200.000000 
7126.623409 812.866771 1200.000000 
2443.286313 1374.998107 1200.000000 
179996.342822 156610.284156 1200.000000 
187272.000000 156800.000000 1200.000000 
88.881747 0.000000 160.000000 
63.413835 0.000000 755.000000 
61564.084121 11380.591787 1200.000000 
187272.000000 156800.000000 1200.000000 
172548.981088 155578.442832 1200.000000 
64.919069 0.000000 179.000000 
83612.195385 70218.471243 1200.000000 
167.166803 0.000000 1085.000000 
95798.961733 92663.440100 1200.000000 
25.326166 0.000000 240.000000 
93636.000000 89274.072597 1200.000000 
131956.362884 120547.568127 1200.000000 
186336.305301 156800.000000 1200.000000 
30.786736 0.000000 392.000000 
51620.966565 25904.978275 1200.000000 
24363.721980 24357.502624 1200.000000 
129127.476898 465.360740 1200.000000 
71735.460261 1640.789179 1200.000000 
179357.412305 156800.000000 1200.000000 
187272.000000 156800.000000 1200.000000 
72.414968 0.000000 138.000000 
106.708818 0.000000 681.000000 
91528.098744 18514.663534 1200.000000 
187272.000000 156800.000000 1200.000000 
174894.138452 150672.286401 1200.000000 
123.836744 0.000000 170.000000 
74352.054093 58746.172721 1200.000000 
136.536116 0.000000 1117.000000 
97711.219857 76624.726624 1200.000000 
73.019829 0.000000 218.000000 
17555.584912 17555.584912 1200.000000 
63882.951953 27045.957824 1200.000000 
48480.191724 48189.433422 1200.000000 
75885.538140 10618.481895 1200.000000 
131.642930 0.000000 440.000000 
211.753814 0.000000 779.000000 
24156.445589 662.279563 1200.000000 
22593.744901 567.363558 1200.000000 
25545.709833 22997.620441 1200.000000 
43775.656791 43426.412695 1200.000000 
36.178341 0.000000 128.000000 
51.612936 0.000000 130.000000 
150.612368 0.000000 1087.000000 
44056.138599 43625.449236 1200.000000 
99841.374325 64739.117014 1200.000000 
44.391132 0.000000 163.000000 
102042.503884 29892.448263 1200.000000 
114.924986 0.000000 435.000000 
25667.872612 24120.907015 1200.000000 
101.632002 0.000000 225.000000 
109.945552 0.000000 445.000000 
94214.954574 92702.671544 1200.000000 
89844.698104 85836.438458 1200.000000 
124.119151 0.000000 477.000000 
614.184641 501.589828 1200.000000 
1189.158613 419.887751 1200.000000 
136.069595 0.000000 626.000000 
2141.297547 938.899723 1200.000000 
78712.558705 73878.859627 1200.000000 
96303.010165 95977.313209 1200.000000 
106.279520 0.000000 156.000000 
81.040469 0.000000 151.000000 
48159.763579 2269.882172 1200.000000 
95022.103860 94855.876942 1200.000000 
147995.483141 93477.859227 1200.000000 
44.408843 0.000000 169.000000 
125520.621769 71411.865744 1200.000000 
153.558333 0.000000 813.000000 
94733.716712 87609.275905 1200.000000 
100.568276 0.000000 163.000000 
35.392691 0.000000 232.000000 
145.106319 0.000000 690.000000 
159.941831 0.000000 560.000000 
120.836466 0.000000 711.000000 
220.354757 0.000000 380.000000 
152.182761 0.000000 682.000000 
2055.133505 1279.879430 1200.000000 
161.105006 0.000000 400.000000 
19611.029894 9189.855401 1200.000000 
84.992722 0.000000 563.000000 
12.924951 0.000000 115.000000 
82.274331 0.000000 211.000000 
84118.477551 991.184331 1200.000000 
169.958027 0.000000 560.000000 
124677.474494 93636.000360 1200.000000 
56.932033 0.000000 133.000000 
68785.481253 40078.968246 1200.000000 
135.100330 0.000000 422.000000 
41.624422 0.000000 571.000000 
127958.207579 229.934753 1200.000000 
137861.981707 632.466620 1200.000000 
34401.590937 19168.300633 1200.000000 
28104.582722 28062.737265 1200.000000 
34005.426065 614.083441 1200.000000 
191.550900 0.000000 359.000000 
515.356555 496.473387 1200.000000 
23132.889106 276.166840 1200.000000 
3876.320045 260.632599 1200.000000 
28075.141628 2144.480499 1200.000000 
25260.274566 24624.103244 1200.000000 
5590.824293 286.294444 1200.000000 
173.156912 0.000000 134.000000 
118609.265879 3126.862152 1200.000000 
26083.497759 26083.497759 1200.000000 
32879.311585 32879.311585 1200.000000 
113.122286 0.000000 139.000000 
128662.235690 62749.214697 1200.000000 
37200.914008 310.471002 1200.000000 
36210.749091 32767.699634 1200.000000 
54.727672 0.000000 189.000000 
74.867373 0.000000 322.000000 
3815.296594 1422.668101 1200.000000 
7274.906234 3839.716084 1200.000000 
9113.866875 2422.957180 1200.000000 
380.222710 350.509467 1200.000000 
177.353031 0.000000 548.000000 
107.280324 0.000000 609.000000 
176.101802 0.000000 314.000000 
75.266232 0.000000 568.000000 
70266.001644 2485.134057 1200.000000 
18.422015 0.000000 124.000000 
12.173031 0.000000 128.000000 
53.279335 0.000000 388.000000 
28839.342788 3668.818296 1200.000000 
34978.517211 2601.007265 1200.000000 
60.149269 0.000000 138.000000 
57.493232 0.000000 902.000000 
1810.152532 800.362802 1200.000000 
3074.974840 543.046384 1200.000000 
28.435629 0.000000 251.000000 
107426.516990 90307.454374 1200.000000 
98081.957852 97722.703452 1200.000000 
128739.508166 124319.878131 1200.000000 
66.753454 0.000000 382.000000 
4003.228310 1430.296171 1200.000000 
36222.317319 35500.237904 1200.000000 
222.310439 222.310439 1200.000000 
1868.519567 1187.134472 1200.000000 
127465.910074 126754.249865 1200.000000 
128989.787789 128989.787789 1200.000000 
69.911346 0.000000 144.000000 
17.628934 0.000000 342.000000 
49851.885101 8425.644841 1200.000000 
130538.885361 130528.785991 1200.000000 
112369.833594 109919.069781 1200.000000 
76.275140 0.000000 179.000000 
103900.925248 92580.649529 1200.000000 
4936.048340 4936.048340 1200.000000 
52979.223209 46819.089646 1200.000000 
1737.038246 591.054691 1200.000000 
54491.778913 1166.610545 1200.000000 
74720.779680 74234.547469 1200.000000 
108409.427010 98367.572856 1200.000000 
73772.333408 2229.775485 1200.000000 
624.343787 274.910324 1200.000000 
10105.979597 10105.979597 1200.000000 
52740.259888 51639.889332 1200.000000 
177.057740 0.000000 589.000000 
96084.791858 95581.580025 1200.000000 
109189.543993 108090.334441 1200.000000 
71487.752933 767.976591 1200.000000 
198.819839 0.000000 141.000000 
97.284334 0.000000 676.000000 
107268.438861 107097.716383 1200.000000 
53764.278236 3017.461583 1200.000000 
121.157612 0.000000 245.000000 
54897.763445 47165.737867 1200.000000 
2997.258013 902.783652 1200.000000 
74581.892068 64870.352266 1200.000000 
69372.470504 58276.079314 1200.000000 
84.078761 0.000000 297.000000 
136.247099 0.000000 870.000000 
97.496021 0.000000 196.000000 
112.887836 0.000000 189.000000 
62347.525978 700.184561 1200.000000 
69426.871529 1911.882203 1200.000000 
21203.681499 1476.350636 1200.000000 
66015.737880 6159.862894 1200.000000 
70.821466 0.000000 200.000000 
128.887173 0.000000 193.000000 
51.671990 0.000000 251.000000 
138.237489 0.000000 276.000000 
99.271257 0.000000 253.000000 
79374.905941 9029.411842 1200.000000 
45.037413 0.000000 182.000000 
99.242488 0.000000 760.000000 
10894.773899 390.153004 1200.000000 
82903.715879 650.946316 1200.000000 
64.934422 0.000000 145.000000 
630.289903 224.854691 1200.000000 
87849.779587 80625.887822 1200.000000 
117481.801918 117146.463095 1200.000000 
165217.011393 151564.652516 1200.000000 
26.552422 0.000000 387.000000 
218.054187 0.000000 757.000000 
27846.358989 25896.246730 1200.000000 
96.060619 0.000000 710.000000 
2490.822644 871.659106 1200.000000 
159711.968859 151877.672194 1200.000000 
164708.157978 156800.000000 1200.000000 
54.473783 0.000000 137.000000 
36.799695 0.000000 435.000000 
87018.646920 11763.883218 1200.000000 
164295.962547 156800.000000 1200.000000 
148094.453926 140819.896085 1200.000000 
139.062262 0.000000 178.000000 
139019.528827 117068.526904 1200.000000 
137.522555 0.000000 1079.000000 
99974.674275 89634.623421 1200.000000 
0.738088 0.000000 124.000000 
39.388363 0.000000 161.000000 
129.287585 0.000000 262.000000 
134.644703 0.000000 248.000000 
135.617953 0.000000 246.000000 
155.964235 0.000000 208.000000 
3483.488304 507.897553 1200.000000 
72088.568473 1300.628970 1200.000000 
986.050522 986.050522 1200.000000 
85378.119833 1856.325426 1200.000000 
146.240895 0.000000 248.000000 
16.947309 0.000000 100.000000 
5.122588 0.000000 261.000000 
100586.136427 1986.656702 1200.000000 
135.076406 0.000000 248.000000 
135.885071 0.000000 826.000000 
58.538641 0.000000 114.000000 
126285.189475 9098.161125 1200.000000 
108.247206 0.000000 204.000000 
59.576878 0.000000 266.000000 
176.318615 0.000000 106.000000 
121.828446 0.000000 143.000000 
162464.794446 6368.679429 1200.000000 
85786.587155 903.317380 1200.000000 
101.874930 0.000000 673.000000 
87.194468 0.000000 505.000000 
1383.727039 492.508469 1200.000000 
19069.686579 1276.487430 1200.000000 
3888.268111 1024.091347 1200.000000 
44358.581909 14311.074372 1200.000000 
93636.000000 955.883380 1200.000000 
68.496676 0.000000 336.000000 
100.558339 0.000000 180.000000 
93636.000000 978.723264 1200.000000 
93636.000000 587.434814 1200.000000 
172070.978159 86280.094699 1200.000000 
76.785074 0.000000 89.000000 
77318.744052 21117.538001 1200.000000 
120.526417 0.000000 262.000000 
96493.968761 1389.376878 1200.000000 
13.859634 0.000000 239.000000 
88894.772611 86877.241385 1200.000000 
133573.995794 133151.154336 1200.000000 
173591.834225 156800.000000 1200.000000 
61.502583 0.000000 391.000000 
74802.164258 25974.595388 1200.000000 
24983.211511 24960.411017 1200.000000 
5613.585626 418.996675 1200.000000 
2064.305138 1428.400623 1200.000000 
177690.229027 156800.000000 1200.000000 
185233.921674 156800.000000 1200.000000 
59.225138 0.000000 140.000000 
86049.161630 804.489939 1200.000000 
92963.279394 16143.511570 1200.000000 
185148.624006 156800.000000 1200.000000 
169823.413781 156800.000000 1200.000000 
50.067917 0.000000 178.000000 
150223.662556 134988.211394 1200.000000 
65326.173740 19184.208760 1200.000000 
98068.996441 93070.140375 1200.000000 
22727.143684 505.983399 1200.000000 
94946.549855 1103.282328 1200.000000 
73655.949465 72772.446228 1200.000000 
77528.963706 69374.223671 1200.000000 
79697.947716 2069.474546 1200.000000 
140.800863 0.000000 989.000000 
2163.148648 1972.911585 1200.000000 
10532.307923 10160.195661 1200.000000 
164.094844 0.000000 545.000000 
57791.742965 55314.143546 1200.000000 
79786.532404 77055.939684 1200.000000 
24465.719675 1097.006877 1200.000000 
220.144717 0.000000 157.000000 
93.756063 0.000000 710.000000 
77738.134990 77703.808082 1200.000000 
80101.790017 2876.947841 1200.000000 
194.721159 0.000000 583.000000 
105394.844177 52651.278626 1200.000000 
3394.038293 814.097139 1200.000000 
72423.074693 68391.590987 1200.000000 
18.438865 0.000000 709.000000 
93207.161897 89591.581397 1200.000000 
126964.620606 126220.586982 1200.000000 
187272.000000 156800.000000 1200.000000 
18.357397 0.000000 391.000000 
38402.885861 25897.080888 1200.000000 
29056.012972 29056.012972 1200.000000 
86248.742578 84720.410085 1200.000000 
4933.177260 2000.893143 1200.000000 
179288.936916 156800.000000 1200.000000 
187272.000000 156800.000000 1200.000000 
67.681006 0.000000 138.000000 
110.520486 0.000000 246.000000 
93636.000000 16024.630000 1200.000000 
187272.000000 156800.000000 1200.000000 
176039.433310 156800.000000 1200.000000 
50.072009 0.000000 271.000000 
81901.189229 70996.153902 1200.000000 
161.828257 0.000000 1092.000000 
101289.003827 92009.973595 1200.000000 
37.411859 0.000000 238.000000 
92237.804666 89359.128804 1200.000000 
129843.142440 128751.780504 1200.000000 
178520.050608 156800.000000 1200.000000 
36.185007 0.000000 387.000000 
53275.050421 26039.471377 1200.000000 
28947.195793 28941.876393 1200.000000 
86264.464868 84718.191095 1200.000000 
5280.734483 2106.878131 1200.000000 
181082.614947 156800.000000 1200.000000 
187272.000000 156800.000000 1200.000000 
57.452265 0.000000 175.000000 
59867.331255 494.557670 1200.000000 
92333.202000 16835.714674 1200.000000 
187272.000000 156800.000000 1200.000000 
176107.862330 156800.000000 1200.000000 
73.670351 0.000000 170.000000 
78839.112294 61254.471563 1200.000000 
123.645162 0.000000 1082.000000 
99547.089572 94228.464544 1200.000000 
55.788014 0.000000 293.000000 
80242.112630 77843.248088 1200.000000 
161.760361 0.000000 987.000000 
135.239212 0.000000 1165.000000 
72.765542 0.000000 355.000000 
76075.116528 42644.948304 1200.000000 
48352.689634 42317.845741 1200.000000 
91501.433659 25735.037064 1200.000000 
11697.009512 9566.708036 1200.000000 
26860.195673 26860.195673 1200.000000 
9664.736352 9502.656310 1200.000000 
45.576088 0.000000 150.000000 
96.370239 0.000000 359.000000 
8267.204471 2427.133189 1200.000000 
381.752370 211.778574 1200.000000 
153.994963 0.000000 508.000000 
81.166483 0.000000 215.000000 
17828.378765 937.312093 1200.000000 
38712.215080 38712.215080 1200.000000 
160.542687 0.000000 591.000000 
3561.750574 318.142467 1200.000000 
88610.627391 81959.292805 1200.000000 
129616.909759 128051.486390 1200.000000 
179151.829023 156252.204836 1200.000000 
12.514122 0.000000 398.000000 
40748.871826 25862.433273 1200.000000 
32492.162994 32394.275065 1200.000000 
11041.912130 1487.117128 1200.000000 
3411.119214 2011.306892 1200.000000 
169998.368845 156341.118260 1200.000000 
179515.229476 156800.000000 1200.000000 
64.350642 0.000000 162.000000 
126.905710 0.000000 204.000000 
93636.000000 13893.990207 1200.000000 
178693.237961 156800.000000 1200.000000 
159716.497033 151138.851671 1200.000000 
28.481611 0.000000 172.000000 
75322.810414 71606.179612 1200.000000 
154.073054 0.000000 1071.000000 
98388.481190 94945.274884 1200.000000 
183.063624 0.000000 195.000000 
139.592904 0.000000 320.000000 
133513.825951 87306.433656 1200.000000 
93636.000000 77870.935440 1200.000000 
63.490232 0.000000 536.000000 
124.153039 0.000000 477.000000 
1489.226861 396.030293 1200.000000 
2411.976207 2004.154620 1200.000000 
2776.664280 1088.612029 1200.000000 
90934.753929 69928.494699 1200.000000 
93627.472813 86066.067495 1200.000000 
44.029474 0.000000 126.000000 
31.833235 0.000000 142.000000 
79340.395708 8991.274057 1200.000000 
93636.000000 86078.019492 1200.000000 
163057.057022 92101.123942 1200.000000 
35.685959 0.000000 162.000000 
81306.212529 69760.062771 1200.000000 
139.385757 0.000000 495.000000 
88335.502052 79618.219018 1200.000000 
26.876837 0.000000 239.000000 
91757.460042 85820.598358 1200.000000 
138695.497608 138342.625008 1200.000000 
178393.151522 156521.344549 1200.000000 
141.556508 0.000000 439.000000 
46096.510471 25862.001706 1200.000000 
25263.243518 25214.429991 1200.000000 
7126.623409 812.866771 1200.000000 
2443.286313 1374.998107 1200.000000 
179996.342822 156610.284156 1200.000000 
187272.000000 156800.000000 1200.000000 
88.881747 0.000000 160.000000 
63.413835 0.000000 755.000000 
61564.084121 11380.591787 1200.000000 
187272.000000 156800.000000 1200.000000 
172548.981088 155578.442832 1200.000000 
64.919069 0.000000 179.000000 
83612.195385 70218.471243 1200.000000 
167.166803 0.000000 1085.000000 
95798.961733 92663.440100 1200.000000 
25.326166 0.000000 240.000000 
93636.000000 89274.072597 1200.000000 
131956.362884 120547.568127 1200.000000 
186336.305301 156800.000000 1200.000000 
30.786736 0.000000 392.000000 
51620.966565 25904.978275 1200.000000 
24363.721980 24357.502624 1200.000000 
129127.476898 465.360740 1200.000000 
71735.460261 1640.789179 1200.000000 
179357.412305 156800.000000 1200.000000 
187272.000000 156800.000000 1200.000000 
72.414968 0.000000 138.000000 
106.708818 0.000000 681.000000 
91528.098744 18514.663534 1200.000000 
187272.000000 156800.000000 1200.000000 
174894.138452 150672.286401 1200.000000 
123.836744 0.000000 170.000000 
74352.054093 58746.172721 1200.000000 
136.536116 0.000000 1117.000000 
97711.219857 76624.726624 1200.000000 
73.019829 0.000000 218.000000 
17555.584912 17555.584912 1200.000000 
63882.951953 27045.957824 1200.000000 
48480.191724 48189.433422 1200.000000 
75885.538140 10618.481895 1200.000000 
131.642930 0.000000 440.000000 
211.753814 0.000000 779.000000 
24156.445589 662.279563 1200.000000 
22593.744901 567.363558 1200.000000 
25545.709833 22997.620441 1200.000000 
43775.656791 43426.412695 1200.000000 
36.178341 0.000000 128.000000 
51.612936 0.000000 130.000000 
150.612368 0.000000 1087.000000 
44056.138599 43625.449236 1200.000000 
99841.374325 64739.117014 1200.000000 
44.391132 0.000000 163.000000 
102042.503884 29892.448263 1200.000000 
114.924986 0.000000 435.000000 
25667.872612 24120.907015 1200.000000 
101.632002 0.000000 225.000000 
109.945552 0.000000 445.000000 
94214.954574 92702.671544 1200.000000 
89844.698104 85836.438458 1200.000000 
124.119151 0.000000 477.000000 
614.184641 501.589828 1200.000000 
1189.158613 419.887751 1200.000000 
136.069595 0.000000 626.000000 
2141.297547 938.899723 1200.000000 
78712.558705 73878.859627 1200.000000 
96303.010165 95977.313209 1200.000000 
106.279520 0.000000 156.000000 
81.040469 0.000000 151.000000 
48159.763579 2269.882172 1200.000000 
95022.103860 94855.876942 1200.000000 
147995.483141 93477.859227 1200.000000 
44.408843 0.000000 169.000000 
125520.621769 71411.865744 1200.000000 
153.558333 0.000000 813.000000 
94733.716712 87609.275905 1200.000000 
100.568276 0.000000 163.000000 
35.392691 0.000000 232.000000 
145.106319 0.000000 690.000000 
159.941831 0.000000 560.000000 
120.836466 0.000000 711.000000 
220.354757 0.000000 380.000000 
152.182761 0.000000 682.000000 
2055.133505 1279.879430 1200.000000 
161.105006 0.000000 400.000000 
19611.029894 9189.855401 1200.000000 
84.992722 0.000000 563.000000 
12.924951 0.000000 115.000000 
82.274331 0.000000 211.000000 
84118.477551 991.184331 1200.000000 
169.958027 0.000000 560.000000 
124677.474494 93636.000360 1200.000000 
56.932033 0.000000 133.000000 
68785.481253 40078.968246 1200.000000 
135.100330 0.000000 422.000000 
41.624422 0.000000 571.000000 
127958.207579 229.934753 1200.000000 
137861.981707 632.466620 1200.000000 
34401.590937 19168.300633 1200.000000 
28104.582722 28062.737265 1200.000000 
34005.426065 614.083441 1200.000000 
191.550900 0.000000 359.000000 
515.356555 496.473387 1200.000000 
23132.889106 276.166840 1200.000000 
3876.320045 260.632599 1200.000000 
28075.141628 2144.480499 1200.000000 
25260.274566 24624.103244 1200.000000 
5590.824293 286.294444 1200.000000 
173.156912 0.000000 134.000000 
118609.265879 3126.862152 1200.000000 
26083.497759 26083.497759 1200.000000 
32879.311585 32879.311585 1200.000000 
113.122286 0.000000 139.000000 
128662.235690 62749.214697 1200.000000 
37200.914008 310.471002 1200.000000 
36210.749091 32767.699634 1200.000000 
54.727672 0.000000 189.000000 
74.867373 0.000000 322.000000 
3815.296594 1422.668101 1200.000000 
7274.906234 3839.716084 1200.000000 
9113.866875 2422.957180 1200.000000 
380.222710 350.509467 1200.000000 
177.353031 0.000000 548.000000 
107.280324 0.000000 609.000000 
176.101802 0.000000 314.000000 
75.266232 0.000000 568.000000 
70266.001644 2485.134057 1200.000000 
18.422015 0.000000 124.000000 
12.173031 0.000000 128.000000 
53.279335 0.000000 388.000000 
28839.342788 3668.818296 1200.000000 
34978.517211 2601.007265 1200.000000 
60.149269 0.000000 138.000000 
57.493232 0.000000 902.000000 
1810.152532 800.362802 1200.000000 
3074.974840 543.046384 1200.000000 
28.435629 0.000000 251.000000 
107426.516990 90307.454374 1200.000000 
98081.957852 97722.703452 1200.000000 
128739.508166 124319.878131 1200.000000 
66.753454 0.000000 382.000000 
4003.228310 1430.296171 1200.000000 
36222.317319 35500.237904 1200.000000 
222.310439 222.310439 1200.000000 
1868.519567 1187.134472 1200.000000 
127465.910074 126754.249865 1200.000000 
128989.787789 128989.787789 1200.000000 
69.911346 0.000000 144.000000 
17.628934 0.000000 342.000000 
49851.885101 8425.644841 1200.000000 
130538.885361 130528.785991 1200.000000 
112369.833594 109919.069781 1200.000000 
76.275140 0.000000 179.000000 
103900.925248 92580.649529 1200.000000 
4936.048340 4936.048340 1200.000000 
52979.223209 46819.089646 1200.000000 
1737.038246 591.054691 1200.000000 
54491.778913 1166.610545 1200.000000 
74720.779680 74234.547469 1200.000000 
108409.427010 98367.572856 1200.000000 
73772.333408 2229.775485 1200.000000 
624.343787 274.910324 1200.000000 
10105.979597 10105.979597 1200.000000 
52740.259888 51639.889332 1200.000000 
177.057740 0.000000 589.000000 
96084.791858 95581.580025 1200.000000 
109189.543993 108090.334441 1200.000000 
71487.752933 767.976591 1200.000000 
198.819839 0.000000 141.000000 
97.284334 0.000000 676.000000 
107268.438861 107097.716383 1200.000000 
53764.278236 3017.461583 1200.000000 
121.157612 0.000000 245.000000 
54897.763445 47165.737867 1200.000000 
2997.258013 902.783652 1200.000000 
74581.892068 64870.352266 1200.000000 
69372.470504 58276.079314 1200.000000 
84.078761 0.000000 297.000000 
136.247099 0.000000 870.000000 
97.496021 0.000000 196.000000 
112.887836 0.000000 189.000000 
62347.525978 700.184561 1200.000000 
69426.871529 1911.882203 1200.000000 
21203.681499 1476.350636 1200.000000 
66015.737880 6159.862894 1200.000000 
70.821466 0.000000 200.000000 
128.887173 0.000000 193.000000 
51.671990 0.000000 251.000000 
138.237489 0.000000 276.000000 
99.271257 0.000000 253.000000 
79374.905941 9029.411842 1200.000000 
45.037413 0.000000 182.000000 
99.242488 0.000000 760.000000 
10894.773899 390.153004 1200.000000 
82903.715879 650.946316 1200.000000 
64.934422 0.000000 145.000000 
630.289903 224.854691 1200.000000 
87849.779587 80625.887822 1200.000000 
117481.801918 117146.463095 1200.000000 
165217.011393 151564.652516 1200.000000 
26.552422 0.000000 387.000000 
218.054187 0.000000 757.000000 
27846.358989 25896.246730 1200.000000 
96.060619 0.000000 710.000000 
2490.822644 871.659106 1200.000000 
159711.968859 151877.672194 1200.000000 
164708.157978 156800.000000 1200.000000 
54.473783 0.000000 137.000000 
36.799695 0.000000 435.000000 
87018.646920 11763.883218 1200.000000 
164295.962547 156800.000000 1200.000000 
148094.453926 140819.896085 1200.000000 
139.062262 0.000000 178.000000 
139019.528827 117068.526904 1200.000000 
137.522555 0.000000 1079.000000 
99974.674275 89634.623421 1200.000000 
0.738088 0.000000 124.000000 
39.388363 0.000000 161.000000 
129.287585 0.000000 262.000000 
134.644703 0.000000 248.000000 
135.617953 0.000000 246.000000 
155.964235 0.000000 208.000000 
3483.488304 507.897553 1200.000000 
72088.568473 1300.628970 1200.000000 
986.050522 986.050522 1200.000000 
85378.119833 1856.325426 1200.000000 
146.240895 0.000000 248.000000 
16.947309 0.000000 100.000000 
5.122588 0.000000 261.000000 
100586.136427 1986.656702 1200.000000 
135.076406 0.000000 248.000000 
135.885071 0.000000 826.000000 
58.538641 0.000000 114.000000 
126285.189475 9098.161125 1200.000000 
108.247206 0.000000 204.000000 
59.576878 0.000000 266.000000 
176.318615 0.000000 106.000000 
121.828446 0.000000 143.000000 
162464.794446 6368.679429 1200.000000 
85786.587155 903.317380 1200.000000 
101.874930 0.000000 673.000000 
87.194468 0.000000 505.000000 
1383.727039 492.508469 1200.000000 
19069.686579 1276.487430 1200.000000 
3888.268111 1024.091347 1200.000000 
44358.581909 14311.074372 1200.000000 
93636.000000 955.883380 1200.000000 
68.496676 0.000000 336.000000 
100.558339 0.000000 180.000000 
93636.000000 978.723264 1200.000000 
93636.000000 587.434814 1200.000000 
172070.978159 86280.094699 1200.000000 
76.785074 0.000000 89.000000 
77318.744052 21117.538001 1200.000000 
120.526417 0.000000 262.000000 
96493.968761 1389.376878 1200.000000 
13.859634 0.000000 239.000000 
88894.772611 86877.241385 1200.000000 
133573.995794 133151.154336 1200.000000 
173591.834225 156800.000000 1200.000000 
61.502583 0.000000 391.000000 
74802.164258 25974.595388 1200.000000 
24983.211511 24960.411017 1200.000000 
5613.585626 418.996675 1200.000000 
2064.305138 1428.400623 1200.000000 
177690.229027 156800.000000 1200.000000 
185233.921674 156800.000000 1200.000000 
59.225138 0.000000 140.000000 
86049.161630 804.489939 1200.000000 
92963.279394 16143.511570 1200.000000 
185148.624006 156800.000000 1200.000000 
169823.413781 156800.000000 1200.000000 
50.067917 0.000000 178.000000 
150223.662556 134988.211394 1200.000000 
65326.173740 19184.208760 1200.000000 
98068.996441 93070.140375 1200.000000 
22727.143684 505.983399 1200.000000 
94946.549855 1103.282328 1200.000000 
73655.949465 72772.446228 1200.000000 
77528.963706 69374.223671 1200.000000 
79697.947716 2069.474546 1200.000000 
140.800863 0.000000 989.000000 
2163.148648 1972.911585 1200.000000 
10532.307923 10160.195661 1200.000000 
164.094844 0.000000 545.000000 
57791.742965 55314.143546 1200.000000 
79786.532404 77055.939684 1200.000000 
24465.719675 1097.006877 1200.000000 
220.144717 0.000000 157.000000 
93.756063 0.000000 710.000000 
77738.134990 77703.808082 1200.000000 
80101.790017 2876.947841 1200.000000 
194.721159 0.000000 583.000000 
105394.844177 52651.278626 1200.000000 
3394.038293 814.097139 1200.000000 
72423.074693 68391.590987 1200.000000 
