22494.408312 1764.561681 1200.000000 
13943.066924 9216.009450 1200.000000 
45861.274136 9398.717273 1200.000000 
20089.943761 1599.820993 1200.000000 
17099.456810 8183.859915 1200.000000 
7013.863244 826.630379 1200.000000 
29818.198183 6021.586722 1200.000000 
13620.623228 3378.769980 1200.000000 
26837.469517 16520.707930 1200.000000 
18056.144337 8007.559188 1200.000000 
18613.635827 2918.933252 1200.000000 
52193.037622 7983.129348 1200.000000 
14259.823924 10656.216322 1200.000000 
29640.979742 3956.991756 1200.000000 
59569.464096 17260.209635 1200.000000 
33639.615799 2965.293487 1200.000000 
10906.201607 10906.201607 1200.000000 
25084.252721 1206.422272 1200.000000 
27722.354667 3168.926307 1200.000000 
14071.991717 6435.056668 1200.000000 
123.499344 0.000000 321.000000 
127.550885 0.000000 283.000000 
59.005425 0.000000 220.000000 
65.769148 0.000000 383.000000 
85.054847 0.000000 359.000000 
86.910662 0.000000 309.000000 
54.190665 0.000000 222.000000 
37.823856 0.000000 376.000000 
188.583430 0.000000 411.000000 
96.465369 0.000000 346.000000 
187272.000000 156800.000000 1200.000000 
110.808641 0.000000 222.000000 
150.277877 0.000000 362.000000 
187272.000000 156800.000000 1200.000000 
132.734240 0.000000 343.000000 
62.297813 0.000000 287.000000 
140.978160 0.000000 293.000000 
187272.000000 156800.000000 1200.000000 
187272.000000 156800.000000 1200.000000 
108.131017 0.000000 371.000000 
188.211436 0.000000 265.000000 
111.784881 0.000000 266.000000 
25.561319 0.000000 184.000000 
175.048402 0.000000 307.000000 
136.786413 0.000000 288.000000 
203.096465 0.000000 255.000000 
42.391666 0.000000 193.000000 
162.799491 0.000000 286.000000 
148.505144 0.000000 299.000000 
180.892678 0.000000 308.000000 
86.057445 0.000000 746.000000 
135.048493 0.000000 209.000000 
144.068433 0.000000 295.000000 
141.276061 0.000000 605.000000 
171.414725 0.000000 283.000000 
113.295055 0.000000 302.000000 
161.108514 0.000000 656.000000 
53.056926 0.000000 553.000000 
114.980061 0.000000 582.000000 
204.809894 0.000000 315.000000 
19.336353 0.000000 347.000000 
77.623951 0.000000 319.000000 
43.147901 0.000000 225.000000 
126.097272 0.000000 381.000000 
43.588183 0.000000 410.000000 
109986.401908 296.080337 1200.000000 
84.716835 0.000000 213.000000 
58.697933 0.000000 365.000000 
160.339577 0.000000 366.000000 
77.529242 0.000000 385.000000 
116.046348 0.000000 396.000000 
30.718341 0.000000 226.000000 
31.374095 0.000000 352.000000 
114.753111 0.000000 396.000000 
97.033906 0.000000 354.000000 
136.857776 0.000000 968.000000 
146.040385 0.000000 1054.000000 
114.198607 0.000000 396.000000 
114.473718 0.000000 396.000000 
126.582683 0.000000 425.000000 
65.029346 0.000000 291.000000 
131.872816 0.000000 326.000000 
76.680116 0.000000 196.000000 
98.972037 0.000000 427.000000 
39.312277 0.000000 371.000000 
145.981291 0.000000 370.000000 
81.924045 0.000000 223.000000 
113.802515 0.000000 382.000000 
143.796246 0.000000 398.000000 
47.929259 0.000000 374.000000 
120.318169 0.000000 637.000000 
32.095523 0.000000 197.000000 
76.539988 0.000000 367.000000 
100.294410 0.000000 943.000000 
104.982657 0.000000 370.000000 
62.650767 0.000000 297.000000 
126.804275 0.000000 474.000000 
83.711701 0.000000 821.000000 
83.667364 0.000000 636.000000 
64.435346 0.000000 419.000000 
22494.408312 1764.561681 1200.000000 
13943.066924 9216.009450 1200.000000 
45861.274136 9398.717273 1200.000000 
20089.943761 1599.820993 1200.000000 
17099.456810 8183.859915 1200.000000 
7013.863244 826.630379 1200.000000 
29818.198183 6021.586722 1200.000000 
13620.623228 3378.769980 1200.000000 
26837.469517 16520.707930 1200.000000 
18056.144337 8007.559188 1200.000000 
18613.635827 2918.933252 1200.000000 
52193.037622 7983.129348 1200.000000 
14259.823924 10656.216322 1200.000000 
29640.979742 3956.991756 1200.000000 
59569.464096 17260.209635 1200.000000 
33639.615799 2965.293487 1200.000000 
10906.201607 10906.201607 1200.000000 
25084.252721 1206.422272 1200.000000 
27722.354667 3168.926307 1200.000000 
14071.991717 6435.056668 1200.000000 
123.499344 0.000000 321.000000 
127.550885 0.000000 283.000000 
59.005425 0.000000 220.000000 
65.769148 0.000000 383.000000 
85.054847 0.000000 359.000000 
86.910662 0.000000 309.000000 
54.190665 0.000000 222.000000 
37.823856 0.000000 376.000000 
188.583430 0.000000 411.000000 
96.465369 0.000000 346.000000 
187272.000000 156800.000000 1200.000000 
110.808641 0.000000 222.000000 
150.277877 0.000000 362.000000 
187272.000000 156800.000000 1200.000000 
132.734240 0.000000 343.000000 
62.297813 0.000000 287.000000 
140.978160 0.000000 293.000000 
187272.000000 156800.000000 1200.000000 
187272.000000 156800.000000 1200.000000 
108.131017 0.000000 371.000000 
188.211436 0.000000 265.000000 
111.784881 0.000000 266.000000 
25.561319 0.000000 184.000000 
175.048402 0.000000 307.000000 
136.786413 0.000000 288.000000 
203.096465 0.000000 255.000000 
42.391666 0.000000 193.000000 
162.799491 0.000000 286.000000 
148.505144 0.000000 299.000000 
180.892678 0.000000 308.000000 
86.057445 0.000000 746.000000 
135.048493 0.000000 209.000000 
144.068433 0.000000 295.000000 
141.276061 0.000000 605.000000 
171.414725 0.000000 283.000000 
113.295055 0.000000 302.000000 
161.108514 0.000000 656.000000 
53.056926 0.000000 553.000000 
114.980061 0.000000 582.000000 
204.809894 0.000000 315.000000 
19.336353 0.000000 347.000000 
77.623951 0.000000 319.000000 
43.147901 0.000000 225.000000 
126.097272 0.000000 381.000000 
43.588183 0.000000 410.000000 
109986.401908 296.080337 1200.000000 
84.716835 0.000000 213.000000 
58.697933 0.000000 365.000000 
160.339577 0.000000 366.000000 
77.529242 0.000000 385.000000 
116.046348 0.000000 396.000000 
30.718341 0.000000 226.000000 
31.374095 0.000000 352.000000 
114.753111 0.000000 396.000000 
97.033906 0.000000 354.000000 
136.857776 0.000000 968.000000 
146.040385 0.000000 1054.000000 
114.198607 0.000000 396.000000 
114.473718 0.000000 396.000000 
126.582683 0.000000 425.000000 
65.029346 0.000000 291.000000 
131.872816 0.000000 326.000000 
76.680116 0.000000 196.000000 
98.972037 0.000000 427.000000 
39.312277 0.000000 371.000000 
145.981291 0.000000 370.000000 
81.924045 0.000000 223.000000 
113.802515 0.000000 382.000000 
143.796246 0.000000 398.000000 
47.929259 0.000000 374.000000 
120.318169 0.000000 637.000000 
32.095523 0.000000 197.000000 
76.539988 0.000000 367.000000 
100.294410 0.000000 943.000000 
104.982657 0.000000 370.000000 
62.650767 0.000000 297.000000 
126.804275 0.000000 474.000000 
83.711701 0.000000 821.000000 
83.667364 0.000000 636.000000 
64.435346 0.000000 419.000000 
