137.411853 0.000000 456.000000 
122.816324 0.000000 211.000000 
156.784550 0.000000 498.000000 
61.072416 0.000000 307.000000 
162.631688 0.000000 203.000000 
65.691587 0.000000 447.000000 
124.888711 0.000000 405.000000 
132.543477 0.000000 507.000000 
123.611202 0.000000 417.000000 
221.949587 0.000000 419.000000 
115.255443 0.000000 698.000000 
207.735768 0.000000 900.000000 
151084.410192 136694.328781 1200.000000 
151008.063451 137429.325995 1200.000000 
71.499096 0.000000 986.000000 
128.450043 0.000000 426.000000 
166.222382 0.000000 874.000000 
100.457069 0.000000 458.000000 
226.160756 0.000000 780.000000 
111.309759 0.000000 544.000000 
120.080995 0.000000 249.000000 
48.514341 0.000000 164.000000 
6735.275441 785.990622 1200.000000 
43615.597180 1159.045748 1200.000000 
17907.313877 333.991823 1200.000000 
105.743148 0.000000 235.000000 
136.762548 0.000000 248.000000 
141.924269 0.000000 239.000000 
2058.387505 564.846461 1200.000000 
126.691456 0.000000 245.000000 
87738.713220 261.828081 1200.000000 
69644.232711 1329.147013 1200.000000 
47060.147566 353.334963 1200.000000 
71851.566180 13486.056650 1200.000000 
193.210289 0.000000 702.000000 
69.871866 0.000000 236.000000 
1178.997807 766.784254 1200.000000 
111.344703 0.000000 234.000000 
1396.935869 962.098668 1200.000000 
151.615510 0.000000 270.000000 
58334.169675 437.181315 1200.000000 
127.280679 0.000000 202.000000 
178.340987 0.000000 389.000000 
111.999828 0.000000 280.000000 
19.435332 0.000000 163.000000 
132.440157 0.000000 823.000000 
6218.020398 744.670017 1200.000000 
87.317927 0.000000 334.000000 
40.091152 0.000000 345.000000 
27434.403757 424.818376 1200.000000 
153.013843 0.000000 427.000000 
130.858189 0.000000 383.000000 
58469.240710 1716.730038 1200.000000 
57570.817786 4218.352841 1200.000000 
150.181813 0.000000 418.000000 
118.721419 0.000000 854.000000 
54.227465 0.000000 394.000000 
172.251943 0.000000 834.000000 
196.954397 0.000000 406.000000 
76.698260 0.000000 881.000000 
33053.091307 220.305703 1200.000000 
28.084691 0.000000 174.000000 
162.778671 0.000000 249.000000 
204.768025 0.000000 258.000000 
142.838128 0.000000 138.000000 
132.078535 0.000000 281.000000 
16726.629922 366.278080 1200.000000 
223.183188 0.000000 290.000000 
117.828309 0.000000 251.000000 
22070.696560 316.057343 1200.000000 
64895.699955 273.849044 1200.000000 
214.901367 0.000000 329.000000 
120.437696 0.000000 261.000000 
52338.736149 20364.121625 1200.000000 
144.756570 0.000000 307.000000 
148.104925 0.000000 277.000000 
100.878016 0.000000 281.000000 
147.768142 0.000000 278.000000 
149.417290 0.000000 305.000000 
122.772943 0.000000 332.000000 
26433.055151 942.982943 1200.000000 
121.367373 0.000000 209.000000 
47.039276 0.000000 349.000000 
120.763478 0.000000 272.000000 
102.652891 0.000000 713.000000 
7051.306941 277.034801 1200.000000 
187272.000000 156800.000000 1200.000000 
93.781936 0.000000 286.000000 
38.686892 0.000000 272.000000 
183670.737649 156800.000000 1200.000000 
86.940548 0.000000 444.000000 
55.814895 0.000000 415.000000 
56723.788316 1430.383545 1200.000000 
28272.426692 3682.301763 1200.000000 
53.179624 0.000000 364.000000 
191.526253 0.000000 1168.000000 
109.238559 0.000000 374.000000 
108.980806 0.000000 864.000000 
109.283304 0.000000 400.000000 
110.739268 0.000000 495.000000 
137.411853 0.000000 456.000000 
122.816324 0.000000 211.000000 
156.784550 0.000000 498.000000 
61.072416 0.000000 307.000000 
162.631688 0.000000 203.000000 
65.691587 0.000000 447.000000 
124.888711 0.000000 405.000000 
132.543477 0.000000 507.000000 
123.611202 0.000000 417.000000 
221.949587 0.000000 419.000000 
115.255443 0.000000 698.000000 
207.735768 0.000000 900.000000 
151084.410192 136694.328781 1200.000000 
151008.063451 137429.325995 1200.000000 
71.499096 0.000000 986.000000 
128.450043 0.000000 426.000000 
166.222382 0.000000 874.000000 
100.457069 0.000000 458.000000 
226.160756 0.000000 780.000000 
111.309759 0.000000 544.000000 
120.080995 0.000000 249.000000 
48.514341 0.000000 164.000000 
6735.275441 785.990622 1200.000000 
43615.597180 1159.045748 1200.000000 
17907.313877 333.991823 1200.000000 
105.743148 0.000000 235.000000 
136.762548 0.000000 248.000000 
141.924269 0.000000 239.000000 
2058.387505 564.846461 1200.000000 
126.691456 0.000000 245.000000 
87738.713220 261.828081 1200.000000 
69644.232711 1329.147013 1200.000000 
47060.147566 353.334963 1200.000000 
71851.566180 13486.056650 1200.000000 
193.210289 0.000000 702.000000 
69.871866 0.000000 236.000000 
1178.997807 766.784254 1200.000000 
111.344703 0.000000 234.000000 
1396.935869 962.098668 1200.000000 
151.615510 0.000000 270.000000 
58334.169675 437.181315 1200.000000 
127.280679 0.000000 202.000000 
178.340987 0.000000 389.000000 
111.999828 0.000000 280.000000 
19.435332 0.000000 163.000000 
132.440157 0.000000 823.000000 
6218.020398 744.670017 1200.000000 
87.317927 0.000000 334.000000 
40.091152 0.000000 345.000000 
27434.403757 424.818376 1200.000000 
153.013843 0.000000 427.000000 
130.858189 0.000000 383.000000 
58469.240710 1716.730038 1200.000000 
57570.817786 4218.352841 1200.000000 
150.181813 0.000000 418.000000 
118.721419 0.000000 854.000000 
54.227465 0.000000 394.000000 
172.251943 0.000000 834.000000 
196.954397 0.000000 406.000000 
76.698260 0.000000 881.000000 
33053.091307 220.305703 1200.000000 
28.084691 0.000000 174.000000 
162.778671 0.000000 249.000000 
204.768025 0.000000 258.000000 
142.838128 0.000000 138.000000 
132.078535 0.000000 281.000000 
16726.629922 366.278080 1200.000000 
223.183188 0.000000 290.000000 
117.828309 0.000000 251.000000 
22070.696560 316.057343 1200.000000 
64895.699955 273.849044 1200.000000 
214.901367 0.000000 329.000000 
120.437696 0.000000 261.000000 
52338.736149 20364.121625 1200.000000 
144.756570 0.000000 307.000000 
148.104925 0.000000 277.000000 
100.878016 0.000000 281.000000 
147.768142 0.000000 278.000000 
149.417290 0.000000 305.000000 
122.772943 0.000000 332.000000 
26433.055151 942.982943 1200.000000 
121.367373 0.000000 209.000000 
47.039276 0.000000 349.000000 
120.763478 0.000000 272.000000 
102.652891 0.000000 713.000000 
7051.306941 277.034801 1200.000000 
187272.000000 156800.000000 1200.000000 
93.781936 0.000000 286.000000 
38.686892 0.000000 272.000000 
183670.737649 156800.000000 1200.000000 
86.940548 0.000000 444.000000 
55.814895 0.000000 415.000000 
56723.788316 1430.383545 1200.000000 
28272.426692 3682.301763 1200.000000 
53.179624 0.000000 364.000000 
191.526253 0.000000 1168.000000 
109.238559 0.000000 374.000000 
108.980806 0.000000 864.000000 
109.283304 0.000000 400.000000 
110.739268 0.000000 495.000000 
