101.108158 0.000000 420.000000 
87.988073 0.000000 641.000000 
113.754806 0.000000 732.000000 
151.799706 0.000000 609.000000 
128.209231 0.000000 630.000000 
131.773642 0.000000 451.000000 
127.941931 0.000000 816.000000 
84.247849 0.000000 314.000000 
114.355047 0.000000 223.000000 
102.635489 0.000000 491.000000 
124.753080 0.000000 260.000000 
84.227867 0.000000 438.000000 
18.195393 0.000000 350.000000 
133.750475 0.000000 888.000000 
97.649477 0.000000 640.000000 
85.172082 0.000000 669.000000 
137.433854 0.000000 993.000000 
140.356151 0.000000 225.000000 
98.623899 0.000000 470.000000 
145.032523 0.000000 736.000000 
101.108158 0.000000 420.000000 
87.988073 0.000000 641.000000 
113.754806 0.000000 732.000000 
151.799706 0.000000 609.000000 
128.209231 0.000000 630.000000 
131.773642 0.000000 451.000000 
127.941931 0.000000 816.000000 
84.247849 0.000000 314.000000 
114.355047 0.000000 223.000000 
102.635489 0.000000 491.000000 
124.753080 0.000000 260.000000 
84.227867 0.000000 438.000000 
18.195393 0.000000 350.000000 
133.750475 0.000000 888.000000 
97.649477 0.000000 640.000000 
85.172082 0.000000 669.000000 
137.433854 0.000000 993.000000 
140.356151 0.000000 225.000000 
98.623899 0.000000 470.000000 
145.032523 0.000000 736.000000 
