162737.664173 154055.914018 1200.000000 
153944.702268 152358.897435 1200.000000 
158501.147135 154762.350751 1200.000000 
160284.716169 148879.660485 1200.000000 
71.390359 0.000000 588.000000 
125.959158 0.000000 526.000000 
160218.521208 152497.254906 1200.000000 
160990.878945 154058.759641 1200.000000 
159837.900663 155559.220491 1200.000000 
160933.380283 153673.427795 1200.000000 
161138.979575 155898.206703 1200.000000 
73.215507 0.000000 498.000000 
159266.614686 152323.142752 1200.000000 
158234.913955 152975.176134 1200.000000 
58396.042092 53497.295719 1200.000000 
154220.960098 151637.060399 1200.000000 
163529.357254 151981.454726 1200.000000 
163675.217593 151429.364082 1200.000000 
90.294507 0.000000 501.000000 
157728.325900 145802.240153 1200.000000 
162737.664173 154055.914018 1200.000000 
153944.702268 152358.897435 1200.000000 
158501.147135 154762.350751 1200.000000 
160284.716169 148879.660485 1200.000000 
71.390359 0.000000 588.000000 
125.959158 0.000000 526.000000 
160218.521208 152497.254906 1200.000000 
160990.878945 154058.759641 1200.000000 
159837.900663 155559.220491 1200.000000 
160933.380283 153673.427795 1200.000000 
161138.979575 155898.206703 1200.000000 
73.215507 0.000000 498.000000 
159266.614686 152323.142752 1200.000000 
158234.913955 152975.176134 1200.000000 
58396.042092 53497.295719 1200.000000 
154220.960098 151637.060399 1200.000000 
163529.357254 151981.454726 1200.000000 
163675.217593 151429.364082 1200.000000 
90.294507 0.000000 501.000000 
157728.325900 145802.240153 1200.000000 
