32453.249444 4998.218614 1200.000000 
28709.037583 3974.962272 1200.000000 
28618.401727 3967.672894 1200.000000 
24700.591721 18462.036767 1200.000000 
27196.266306 8653.430647 1200.000000 
31446.676030 6254.072747 1200.000000 
24012.247797 2198.253771 1200.000000 
19034.794166 7581.471123 1200.000000 
16627.389917 7255.841494 1200.000000 
43149.895605 9390.049695 1200.000000 
69491.219758 64418.169008 1200.000000 
37316.051698 1220.662055 1200.000000 
26137.792920 4468.300863 1200.000000 
16532.675817 4866.566494 1200.000000 
125.975578 0.000000 877.000000 
15782.179870 15547.166426 1200.000000 
51785.337982 6921.175617 1200.000000 
161.987233 0.000000 256.000000 
22170.768436 2664.758486 1200.000000 
13527.589378 657.795680 1200.000000 
127.529855 0.000000 526.000000 
91.926915 0.000000 870.000000 
76.639064 0.000000 692.000000 
72.620016 0.000000 847.000000 
53.467979 0.000000 374.000000 
127.887222 0.000000 792.000000 
52.842574 0.000000 854.000000 
95.943271 0.000000 240.000000 
182.667350 0.000000 442.000000 
92.456066 0.000000 405.000000 
148.005452 0.000000 243.000000 
122.634430 0.000000 873.000000 
47.058846 0.000000 649.000000 
66.168804 0.000000 431.000000 
199.669626 0.000000 530.000000 
105.413118 0.000000 388.000000 
107.270237 0.000000 229.000000 
40686.670746 459.018372 1200.000000 
35.869438 0.000000 698.000000 
57.108982 0.000000 713.000000 
175.316754 0.000000 413.000000 
111.436944 0.000000 412.000000 
161.544828 0.000000 292.000000 
81.177918 0.000000 361.000000 
107.870186 0.000000 302.000000 
143.018658 0.000000 402.000000 
78.833309 0.000000 328.000000 
86.088167 0.000000 383.000000 
187272.000000 156800.000000 1200.000000 
187272.000000 156800.000000 1200.000000 
114.937264 0.000000 207.000000 
187272.000000 156800.000000 1200.000000 
64.483557 0.000000 322.000000 
181.479711 0.000000 368.000000 
124.951253 0.000000 285.000000 
150.182122 0.000000 384.000000 
131.736124 0.000000 236.000000 
187272.000000 156800.000000 1200.000000 
70.787794 0.000000 360.000000 
187272.000000 156800.000000 1200.000000 
24129.102894 3929.788240 1200.000000 
30778.458468 7240.444968 1200.000000 
20541.866114 16898.767479 1200.000000 
35801.164404 5711.745059 1200.000000 
33085.052265 7552.054197 1200.000000 
62035.276278 8575.475795 1200.000000 
22262.116597 14203.557344 1200.000000 
30982.167104 10270.951911 1200.000000 
31737.937219 8014.799591 1200.000000 
38211.919640 10217.606025 1200.000000 
48417.163552 14027.537020 1200.000000 
30003.686170 1891.387200 1200.000000 
23388.432823 4337.841763 1200.000000 
15540.195369 3472.723678 1200.000000 
21954.551377 7321.857650 1200.000000 
109.874093 0.000000 330.000000 
33758.250905 7208.382968 1200.000000 
30862.672841 1779.377081 1200.000000 
26691.717557 2971.263316 1200.000000 
43032.976332 3977.671498 1200.000000 
77093.765529 26112.389712 1200.000000 
37829.509097 9087.666299 1200.000000 
53846.194941 14534.448055 1200.000000 
83060.533414 33966.343568 1200.000000 
69345.577471 24363.153663 1200.000000 
33976.081177 5837.330128 1200.000000 
28509.135293 9804.969530 1200.000000 
106191.070491 9216.076614 1200.000000 
76622.904017 6119.432547 1200.000000 
71116.287049 11679.270672 1200.000000 
76755.241390 63092.485981 1200.000000 
16818.951854 2072.432816 1200.000000 
55411.566608 10380.540520 1200.000000 
27817.002370 1565.772469 1200.000000 
39078.225613 20303.853290 1200.000000 
13495.546355 12868.653059 1200.000000 
47744.540813 5225.230622 1200.000000 
21531.799373 4971.445589 1200.000000 
18999.320657 4392.199606 1200.000000 
54660.027681 2287.292306 1200.000000 
32453.249444 4998.218614 1200.000000 
28709.037583 3974.962272 1200.000000 
28618.401727 3967.672894 1200.000000 
24700.591721 18462.036767 1200.000000 
27196.266306 8653.430647 1200.000000 
31446.676030 6254.072747 1200.000000 
24012.247797 2198.253771 1200.000000 
19034.794166 7581.471123 1200.000000 
16627.389917 7255.841494 1200.000000 
43149.895605 9390.049695 1200.000000 
69491.219758 64418.169008 1200.000000 
37316.051698 1220.662055 1200.000000 
26137.792920 4468.300863 1200.000000 
16532.675817 4866.566494 1200.000000 
125.975578 0.000000 877.000000 
15782.179870 15547.166426 1200.000000 
51785.337982 6921.175617 1200.000000 
161.987233 0.000000 256.000000 
22170.768436 2664.758486 1200.000000 
13527.589378 657.795680 1200.000000 
127.529855 0.000000 526.000000 
91.926915 0.000000 870.000000 
76.639064 0.000000 692.000000 
72.620016 0.000000 847.000000 
53.467979 0.000000 374.000000 
127.887222 0.000000 792.000000 
52.842574 0.000000 854.000000 
95.943271 0.000000 240.000000 
182.667350 0.000000 442.000000 
92.456066 0.000000 405.000000 
148.005452 0.000000 243.000000 
122.634430 0.000000 873.000000 
47.058846 0.000000 649.000000 
66.168804 0.000000 431.000000 
199.669626 0.000000 530.000000 
105.413118 0.000000 388.000000 
107.270237 0.000000 229.000000 
40686.670746 459.018372 1200.000000 
35.869438 0.000000 698.000000 
57.108982 0.000000 713.000000 
175.316754 0.000000 413.000000 
111.436944 0.000000 412.000000 
161.544828 0.000000 292.000000 
81.177918 0.000000 361.000000 
107.870186 0.000000 302.000000 
143.018658 0.000000 402.000000 
78.833309 0.000000 328.000000 
86.088167 0.000000 383.000000 
187272.000000 156800.000000 1200.000000 
187272.000000 156800.000000 1200.000000 
114.937264 0.000000 207.000000 
187272.000000 156800.000000 1200.000000 
64.483557 0.000000 322.000000 
181.479711 0.000000 368.000000 
124.951253 0.000000 285.000000 
150.182122 0.000000 384.000000 
131.736124 0.000000 236.000000 
187272.000000 156800.000000 1200.000000 
70.787794 0.000000 360.000000 
187272.000000 156800.000000 1200.000000 
24129.102894 3929.788240 1200.000000 
30778.458468 7240.444968 1200.000000 
20541.866114 16898.767479 1200.000000 
35801.164404 5711.745059 1200.000000 
33085.052265 7552.054197 1200.000000 
62035.276278 8575.475795 1200.000000 
22262.116597 14203.557344 1200.000000 
30982.167104 10270.951911 1200.000000 
31737.937219 8014.799591 1200.000000 
38211.919640 10217.606025 1200.000000 
48417.163552 14027.537020 1200.000000 
30003.686170 1891.387200 1200.000000 
23388.432823 4337.841763 1200.000000 
15540.195369 3472.723678 1200.000000 
21954.551377 7321.857650 1200.000000 
109.874093 0.000000 330.000000 
33758.250905 7208.382968 1200.000000 
30862.672841 1779.377081 1200.000000 
26691.717557 2971.263316 1200.000000 
43032.976332 3977.671498 1200.000000 
77093.765529 26112.389712 1200.000000 
37829.509097 9087.666299 1200.000000 
53846.194941 14534.448055 1200.000000 
83060.533414 33966.343568 1200.000000 
69345.577471 24363.153663 1200.000000 
33976.081177 5837.330128 1200.000000 
28509.135293 9804.969530 1200.000000 
106191.070491 9216.076614 1200.000000 
76622.904017 6119.432547 1200.000000 
71116.287049 11679.270672 1200.000000 
76755.241390 63092.485981 1200.000000 
16818.951854 2072.432816 1200.000000 
55411.566608 10380.540520 1200.000000 
27817.002370 1565.772469 1200.000000 
39078.225613 20303.853290 1200.000000 
13495.546355 12868.653059 1200.000000 
47744.540813 5225.230622 1200.000000 
21531.799373 4971.445589 1200.000000 
18999.320657 4392.199606 1200.000000 
54660.027681 2287.292306 1200.000000 
