156.478589 0.000000 211.000000 
162.707209 0.000000 184.000000 
153.084238 0.000000 710.000000 
94.343810 0.000000 856.000000 
85.838533 0.000000 879.000000 
54.653507 0.000000 193.000000 
88.476676 0.000000 860.000000 
105.460628 0.000000 816.000000 
6033.111235 1921.637192 1200.000000 
147.548133 0.000000 197.000000 
77143.940352 539.933916 1200.000000 
149.493537 0.000000 181.000000 
106.049034 0.000000 182.000000 
117.841721 0.000000 930.000000 
60.503675 0.000000 180.000000 
119.299888 0.000000 181.000000 
118.207768 0.000000 802.000000 
5525.145122 2147.333018 1200.000000 
115.644638 0.000000 780.000000 
66177.797797 407.360451 1200.000000 
156.478589 0.000000 211.000000 
162.707209 0.000000 184.000000 
153.084238 0.000000 710.000000 
94.343810 0.000000 856.000000 
85.838533 0.000000 879.000000 
54.653507 0.000000 193.000000 
88.476676 0.000000 860.000000 
105.460628 0.000000 816.000000 
6033.111235 1921.637192 1200.000000 
147.548133 0.000000 197.000000 
77143.940352 539.933916 1200.000000 
149.493537 0.000000 181.000000 
106.049034 0.000000 182.000000 
117.841721 0.000000 930.000000 
60.503675 0.000000 180.000000 
119.299888 0.000000 181.000000 
118.207768 0.000000 802.000000 
5525.145122 2147.333018 1200.000000 
115.644638 0.000000 780.000000 
66177.797797 407.360451 1200.000000 
