95.804236 0.000000 181.000000 
170.419382 0.000000 444.000000 
66.489090 0.000000 825.000000 
102.802054 0.000000 319.000000 
80.233677 0.000000 342.000000 
142.983329 0.000000 365.000000 
44.063804 0.000000 135.000000 
18520.641912 319.845968 1200.000000 
197.475305 0.000000 314.000000 
52405.879235 871.376783 1200.000000 
93.416583 0.000000 411.000000 
147.595361 0.000000 535.000000 
87.134670 0.000000 181.000000 
143.351087 0.000000 215.000000 
38551.722529 637.624468 1200.000000 
48.950367 0.000000 227.000000 
80.855833 0.000000 851.000000 
133.714206 0.000000 436.000000 
151.750447 0.000000 270.000000 
69.316915 0.000000 305.000000 
101.194638 0.000000 188.000000 
142.698321 0.000000 467.000000 
80.149180 0.000000 163.000000 
100.784260 0.000000 351.000000 
177.019775 0.000000 498.000000 
156.939768 0.000000 440.000000 
105.185764 0.000000 216.000000 
68.431193 0.000000 459.000000 
33894.156085 476.687708 1200.000000 
108590.906361 108590.906361 1200.000000 
63.969242 0.000000 921.000000 
167.276726 0.000000 676.000000 
81.828114 0.000000 216.000000 
70.763660 0.000000 280.000000 
151318.539569 141121.068535 1200.000000 
117.581539 0.000000 734.000000 
101.653717 0.000000 445.000000 
81.091286 0.000000 668.000000 
181.951388 0.000000 343.000000 
48.876918 0.000000 332.000000 
99.871353 0.000000 149.000000 
15396.000292 843.679263 1200.000000 
142.677736 0.000000 137.000000 
37676.053887 1252.298390 1200.000000 
1793.927145 880.060151 1200.000000 
1580.366784 1008.118714 1200.000000 
125.028806 0.000000 706.000000 
137.900749 0.000000 246.000000 
26451.502821 5410.706340 1200.000000 
149812.819243 9327.400986 1200.000000 
92009.042685 1303.113368 1200.000000 
22868.661296 866.111406 1200.000000 
181.376511 0.000000 170.000000 
75896.884802 212.176543 1200.000000 
84621.008415 14179.055907 1200.000000 
28198.907999 4036.301734 1200.000000 
136.179137 0.000000 248.000000 
83831.727923 1273.297186 1200.000000 
142.699849 0.000000 204.000000 
2771.071199 1213.911238 1200.000000 
83.396866 0.000000 212.000000 
86.778467 0.000000 536.000000 
249.641977 0.000000 168.000000 
148.558588 0.000000 346.000000 
131.908954 0.000000 486.000000 
201.990364 0.000000 480.000000 
103.830613 0.000000 219.000000 
123.035192 0.000000 457.000000 
15561.248111 362.511196 1200.000000 
150305.217618 137192.509086 1200.000000 
69.004494 0.000000 908.000000 
10.546396 0.000000 687.000000 
82.967203 0.000000 211.000000 
52.685909 0.000000 283.000000 
62705.504678 56539.826933 1200.000000 
89.045042 0.000000 1150.000000 
132.093261 0.000000 409.000000 
120.760319 0.000000 722.000000 
133.008200 0.000000 333.000000 
59.992850 0.000000 329.000000 
58.171906 0.000000 177.000000 
173.818182 0.000000 327.000000 
92.554946 0.000000 493.000000 
31385.333215 216.056357 1200.000000 
211.803951 0.000000 1165.000000 
111.447833 0.000000 774.000000 
148.071915 0.000000 755.000000 
18466.684018 237.035696 1200.000000 
17902.896750 1061.442503 1200.000000 
66212.443200 12081.424878 1200.000000 
106.224123 0.000000 273.000000 
150.089091 0.000000 575.000000 
62.201152 0.000000 183.000000 
117.327554 0.000000 195.000000 
67194.582052 7684.075017 1200.000000 
136.728349 0.000000 715.000000 
65.092117 0.000000 506.000000 
176.204866 0.000000 330.000000 
96.319271 0.000000 250.000000 
213.546563 0.000000 269.000000 
95.804236 0.000000 181.000000 
170.419382 0.000000 444.000000 
66.489090 0.000000 825.000000 
102.802054 0.000000 319.000000 
80.233677 0.000000 342.000000 
142.983329 0.000000 365.000000 
44.063804 0.000000 135.000000 
18520.641912 319.845968 1200.000000 
197.475305 0.000000 314.000000 
52405.879235 871.376783 1200.000000 
93.416583 0.000000 411.000000 
147.595361 0.000000 535.000000 
87.134670 0.000000 181.000000 
143.351087 0.000000 215.000000 
38551.722529 637.624468 1200.000000 
48.950367 0.000000 227.000000 
80.855833 0.000000 851.000000 
133.714206 0.000000 436.000000 
151.750447 0.000000 270.000000 
69.316915 0.000000 305.000000 
101.194638 0.000000 188.000000 
142.698321 0.000000 467.000000 
80.149180 0.000000 163.000000 
100.784260 0.000000 351.000000 
177.019775 0.000000 498.000000 
156.939768 0.000000 440.000000 
105.185764 0.000000 216.000000 
68.431193 0.000000 459.000000 
33894.156085 476.687708 1200.000000 
108590.906361 108590.906361 1200.000000 
63.969242 0.000000 921.000000 
167.276726 0.000000 676.000000 
81.828114 0.000000 216.000000 
70.763660 0.000000 280.000000 
151318.539569 141121.068535 1200.000000 
117.581539 0.000000 734.000000 
101.653717 0.000000 445.000000 
81.091286 0.000000 668.000000 
181.951388 0.000000 343.000000 
48.876918 0.000000 332.000000 
99.871353 0.000000 149.000000 
15396.000292 843.679263 1200.000000 
142.677736 0.000000 137.000000 
37676.053887 1252.298390 1200.000000 
1793.927145 880.060151 1200.000000 
1580.366784 1008.118714 1200.000000 
125.028806 0.000000 706.000000 
137.900749 0.000000 246.000000 
26451.502821 5410.706340 1200.000000 
149812.819243 9327.400986 1200.000000 
92009.042685 1303.113368 1200.000000 
22868.661296 866.111406 1200.000000 
181.376511 0.000000 170.000000 
75896.884802 212.176543 1200.000000 
84621.008415 14179.055907 1200.000000 
28198.907999 4036.301734 1200.000000 
136.179137 0.000000 248.000000 
83831.727923 1273.297186 1200.000000 
142.699849 0.000000 204.000000 
2771.071199 1213.911238 1200.000000 
83.396866 0.000000 212.000000 
86.778467 0.000000 536.000000 
249.641977 0.000000 168.000000 
148.558588 0.000000 346.000000 
131.908954 0.000000 486.000000 
201.990364 0.000000 480.000000 
103.830613 0.000000 219.000000 
123.035192 0.000000 457.000000 
15561.248111 362.511196 1200.000000 
150305.217618 137192.509086 1200.000000 
69.004494 0.000000 908.000000 
10.546396 0.000000 687.000000 
82.967203 0.000000 211.000000 
52.685909 0.000000 283.000000 
62705.504678 56539.826933 1200.000000 
89.045042 0.000000 1150.000000 
132.093261 0.000000 409.000000 
120.760319 0.000000 722.000000 
133.008200 0.000000 333.000000 
59.992850 0.000000 329.000000 
58.171906 0.000000 177.000000 
173.818182 0.000000 327.000000 
92.554946 0.000000 493.000000 
31385.333215 216.056357 1200.000000 
211.803951 0.000000 1165.000000 
111.447833 0.000000 774.000000 
148.071915 0.000000 755.000000 
18466.684018 237.035696 1200.000000 
17902.896750 1061.442503 1200.000000 
66212.443200 12081.424878 1200.000000 
106.224123 0.000000 273.000000 
150.089091 0.000000 575.000000 
62.201152 0.000000 183.000000 
117.327554 0.000000 195.000000 
67194.582052 7684.075017 1200.000000 
136.728349 0.000000 715.000000 
65.092117 0.000000 506.000000 
176.204866 0.000000 330.000000 
96.319271 0.000000 250.000000 
213.546563 0.000000 269.000000 
