92.135446 0.000000 216.000000 
121.094023 0.000000 198.000000 
148.213473 0.000000 188.000000 
154.728724 0.000000 187.000000 
119.741812 0.000000 219.000000 
84.501022 0.000000 212.000000 
177.136379 0.000000 198.000000 
85.687172 0.000000 189.000000 
62.432613 0.000000 192.000000 
111.159586 0.000000 286.000000 
95.265561 0.000000 197.000000 
138.008872 0.000000 1057.000000 
73.498500 0.000000 204.000000 
145.111154 0.000000 219.000000 
128.636267 0.000000 196.000000 
170.585567 0.000000 195.000000 
141.995358 0.000000 189.000000 
130.457924 0.000000 189.000000 
133.794582 0.000000 192.000000 
166.953144 0.000000 187.000000 
92.135446 0.000000 216.000000 
121.094023 0.000000 198.000000 
148.213473 0.000000 188.000000 
154.728724 0.000000 187.000000 
119.741812 0.000000 219.000000 
84.501022 0.000000 212.000000 
177.136379 0.000000 198.000000 
85.687172 0.000000 189.000000 
62.432613 0.000000 192.000000 
111.159586 0.000000 286.000000 
95.265561 0.000000 197.000000 
138.008872 0.000000 1057.000000 
73.498500 0.000000 204.000000 
145.111154 0.000000 219.000000 
128.636267 0.000000 196.000000 
170.585567 0.000000 195.000000 
141.995358 0.000000 189.000000 
130.457924 0.000000 189.000000 
133.794582 0.000000 192.000000 
166.953144 0.000000 187.000000 
