148.195221 0.000000 610.000000 
100.592989 0.000000 201.000000 
114.328334 0.000000 205.000000 
112.875039 0.000000 870.000000 
144.333605 0.000000 183.000000 
84.467763 0.000000 627.000000 
140.914665 0.000000 800.000000 
63299.497761 48250.253976 1200.000000 
208.612796 0.000000 212.000000 
80.959338 0.000000 1050.000000 
62642.720652 28087.162994 1200.000000 
80.760709 0.000000 1011.000000 
129.897438 0.000000 777.000000 
230.229838 0.000000 185.000000 
128.121721 0.000000 201.000000 
91936.863845 714.103398 1200.000000 
94.795726 0.000000 189.000000 
236.395839 0.000000 123.000000 
124.461302 0.000000 786.000000 
97074.532728 674.245624 1200.000000 
148.195221 0.000000 610.000000 
100.592989 0.000000 201.000000 
114.328334 0.000000 205.000000 
112.875039 0.000000 870.000000 
144.333605 0.000000 183.000000 
84.467763 0.000000 627.000000 
140.914665 0.000000 800.000000 
63299.497761 48250.253976 1200.000000 
208.612796 0.000000 212.000000 
80.959338 0.000000 1050.000000 
62642.720652 28087.162994 1200.000000 
80.760709 0.000000 1011.000000 
129.897438 0.000000 777.000000 
230.229838 0.000000 185.000000 
128.121721 0.000000 201.000000 
91936.863845 714.103398 1200.000000 
94.795726 0.000000 189.000000 
236.395839 0.000000 123.000000 
124.461302 0.000000 786.000000 
97074.532728 674.245624 1200.000000 
