158434.681284 150311.112212 1200.000000 
125.688390 0.000000 1095.000000 
140.142650 0.000000 1188.000000 
152455.339146 149675.923238 1200.000000 
152996.031961 149440.671586 1200.000000 
125.059117 0.000000 853.000000 
55377.591598 50914.905896 1200.000000 
160142.762437 142548.183513 1200.000000 
158069.829636 144057.395799 1200.000000 
155268.241527 144348.478939 1200.000000 
159325.204025 145452.355757 1200.000000 
68898.027007 53041.516434 1200.000000 
151762.875871 146490.627883 1200.000000 
155537.939823 144065.526394 1200.000000 
134882.619161 134574.000448 1200.000000 
156760.500308 150148.718419 1200.000000 
138652.942055 136725.363873 1200.000000 
160069.064415 147796.495538 1200.000000 
145.444894 0.000000 1052.000000 
156777.795678 147875.928452 1200.000000 
158434.681284 150311.112212 1200.000000 
125.688390 0.000000 1095.000000 
140.142650 0.000000 1188.000000 
152455.339146 149675.923238 1200.000000 
152996.031961 149440.671586 1200.000000 
125.059117 0.000000 853.000000 
55377.591598 50914.905896 1200.000000 
160142.762437 142548.183513 1200.000000 
158069.829636 144057.395799 1200.000000 
155268.241527 144348.478939 1200.000000 
159325.204025 145452.355757 1200.000000 
68898.027007 53041.516434 1200.000000 
151762.875871 146490.627883 1200.000000 
155537.939823 144065.526394 1200.000000 
134882.619161 134574.000448 1200.000000 
156760.500308 150148.718419 1200.000000 
138652.942055 136725.363873 1200.000000 
160069.064415 147796.495538 1200.000000 
145.444894 0.000000 1052.000000 
156777.795678 147875.928452 1200.000000 
