22612.894812 20853.604530 1200.000000 
39755.312287 10088.465655 1200.000000 
29940.246359 6248.007412 1200.000000 
19128.164433 7071.336648 1200.000000 
52165.593670 5095.072224 1200.000000 
35898.532419 17012.499524 1200.000000 
43204.990601 32885.182545 1200.000000 
24416.170245 11857.194765 1200.000000 
46242.424930 32175.804508 1200.000000 
37786.312060 20768.146134 1200.000000 
73155.118568 18242.157201 1200.000000 
48015.695661 4129.396231 1200.000000 
35081.287035 10487.766791 1200.000000 
5033.514521 3727.079643 1200.000000 
139.306069 0.000000 845.000000 
31857.890210 24530.705682 1200.000000 
42921.836462 32797.833772 1200.000000 
21637.206525 14465.838609 1200.000000 
24553.764106 13476.303599 1200.000000 
37362.363953 19951.464754 1200.000000 
31276.260578 9591.673869 1200.000000 
7471.832007 1779.078331 1200.000000 
29721.551948 24783.365918 1200.000000 
16532.599092 6355.616627 1200.000000 
49281.373300 7737.489368 1200.000000 
12992.928245 5635.037473 1200.000000 
63694.189775 11019.064199 1200.000000 
18931.671593 17913.817001 1200.000000 
22417.853202 5461.999387 1200.000000 
61233.215377 13940.413282 1200.000000 
104526.424568 39908.266396 1200.000000 
44162.736841 6813.686686 1200.000000 
36636.981931 33459.538499 1200.000000 
3520.053577 1752.533921 1200.000000 
162.395259 0.000000 415.000000 
33072.816413 27308.520561 1200.000000 
24132.199951 15184.804565 1200.000000 
65677.415008 23120.234187 1200.000000 
85363.568470 64991.286862 1200.000000 
10867.167690 3915.363072 1200.000000 
20135.054234 7003.322277 1200.000000 
12588.636984 4892.859686 1200.000000 
34945.807728 7446.508549 1200.000000 
21046.738780 6684.819463 1200.000000 
25093.207377 3793.045181 1200.000000 
5396.582433 561.220837 1200.000000 
23347.244345 8863.547192 1200.000000 
68050.663901 29026.364304 1200.000000 
64167.714231 12109.383668 1200.000000 
18430.322110 8387.427202 1200.000000 
21858.142840 13137.558081 1200.000000 
60538.818682 3810.623985 1200.000000 
39277.665979 14281.636505 1200.000000 
199.983677 0.000000 671.000000 
147.111574 0.000000 913.000000 
26631.401921 13864.695365 1200.000000 
14698.293848 6571.832487 1200.000000 
24110.793158 24110.793158 1200.000000 
106502.347594 65722.964634 1200.000000 
15099.485474 12400.604771 1200.000000 
37578.836654 15813.494435 1200.000000 
11483.368002 3562.170253 1200.000000 
81146.688230 25226.824457 1200.000000 
24371.012777 5311.331373 1200.000000 
96419.410835 3079.743470 1200.000000 
4011.181672 2379.155823 1200.000000 
51699.131518 20371.670572 1200.000000 
44347.100495 43655.851656 1200.000000 
41665.430591 7493.545032 1200.000000 
9217.049076 7448.091451 1200.000000 
81548.543444 65261.697213 1200.000000 
46136.885947 1753.273640 1200.000000 
71338.789939 28456.931086 1200.000000 
3168.185272 779.584149 1200.000000 
19096.280397 336.965583 1200.000000 
30000.644913 30000.644913 1200.000000 
23096.384622 6732.215516 1200.000000 
16493.573204 7922.621950 1200.000000 
114985.478578 66482.366262 1200.000000 
4159.733260 3780.829843 1200.000000 
16099.721045 8481.374838 1200.000000 
17988.427059 1465.410025 1200.000000 
24043.381748 21874.832995 1200.000000 
2818.124404 1046.571607 1200.000000 
36688.878171 5027.826607 1200.000000 
38416.039683 22104.089316 1200.000000 
16711.208197 6729.679459 1200.000000 
72908.391459 13854.116299 1200.000000 
65839.536732 9492.126604 1200.000000 
86508.657436 10055.647079 1200.000000 
60936.714981 12546.571573 1200.000000 
60322.817234 4621.913936 1200.000000 
54031.938447 35645.686717 1200.000000 
152.314011 0.000000 416.000000 
98.824564 0.000000 728.000000 
13583.323302 3564.322676 1200.000000 
14520.015601 9849.568157 1200.000000 
32675.651071 12928.254225 1200.000000 
32063.739919 12156.340840 1200.000000 
9244.551269 2639.473450 1200.000000 
22612.894812 20853.604530 1200.000000 
39755.312287 10088.465655 1200.000000 
29940.246359 6248.007412 1200.000000 
19128.164433 7071.336648 1200.000000 
52165.593670 5095.072224 1200.000000 
35898.532419 17012.499524 1200.000000 
43204.990601 32885.182545 1200.000000 
24416.170245 11857.194765 1200.000000 
46242.424930 32175.804508 1200.000000 
37786.312060 20768.146134 1200.000000 
73155.118568 18242.157201 1200.000000 
48015.695661 4129.396231 1200.000000 
35081.287035 10487.766791 1200.000000 
5033.514521 3727.079643 1200.000000 
139.306069 0.000000 845.000000 
31857.890210 24530.705682 1200.000000 
42921.836462 32797.833772 1200.000000 
21637.206525 14465.838609 1200.000000 
24553.764106 13476.303599 1200.000000 
37362.363953 19951.464754 1200.000000 
31276.260578 9591.673869 1200.000000 
7471.832007 1779.078331 1200.000000 
29721.551948 24783.365918 1200.000000 
16532.599092 6355.616627 1200.000000 
49281.373300 7737.489368 1200.000000 
12992.928245 5635.037473 1200.000000 
63694.189775 11019.064199 1200.000000 
18931.671593 17913.817001 1200.000000 
22417.853202 5461.999387 1200.000000 
61233.215377 13940.413282 1200.000000 
104526.424568 39908.266396 1200.000000 
44162.736841 6813.686686 1200.000000 
36636.981931 33459.538499 1200.000000 
3520.053577 1752.533921 1200.000000 
162.395259 0.000000 415.000000 
33072.816413 27308.520561 1200.000000 
24132.199951 15184.804565 1200.000000 
65677.415008 23120.234187 1200.000000 
85363.568470 64991.286862 1200.000000 
10867.167690 3915.363072 1200.000000 
20135.054234 7003.322277 1200.000000 
12588.636984 4892.859686 1200.000000 
34945.807728 7446.508549 1200.000000 
21046.738780 6684.819463 1200.000000 
25093.207377 3793.045181 1200.000000 
5396.582433 561.220837 1200.000000 
23347.244345 8863.547192 1200.000000 
68050.663901 29026.364304 1200.000000 
64167.714231 12109.383668 1200.000000 
18430.322110 8387.427202 1200.000000 
21858.142840 13137.558081 1200.000000 
60538.818682 3810.623985 1200.000000 
39277.665979 14281.636505 1200.000000 
199.983677 0.000000 671.000000 
147.111574 0.000000 913.000000 
26631.401921 13864.695365 1200.000000 
14698.293848 6571.832487 1200.000000 
24110.793158 24110.793158 1200.000000 
106502.347594 65722.964634 1200.000000 
15099.485474 12400.604771 1200.000000 
37578.836654 15813.494435 1200.000000 
11483.368002 3562.170253 1200.000000 
81146.688230 25226.824457 1200.000000 
24371.012777 5311.331373 1200.000000 
96419.410835 3079.743470 1200.000000 
4011.181672 2379.155823 1200.000000 
51699.131518 20371.670572 1200.000000 
44347.100495 43655.851656 1200.000000 
41665.430591 7493.545032 1200.000000 
9217.049076 7448.091451 1200.000000 
81548.543444 65261.697213 1200.000000 
46136.885947 1753.273640 1200.000000 
71338.789939 28456.931086 1200.000000 
3168.185272 779.584149 1200.000000 
19096.280397 336.965583 1200.000000 
30000.644913 30000.644913 1200.000000 
23096.384622 6732.215516 1200.000000 
16493.573204 7922.621950 1200.000000 
114985.478578 66482.366262 1200.000000 
4159.733260 3780.829843 1200.000000 
16099.721045 8481.374838 1200.000000 
17988.427059 1465.410025 1200.000000 
24043.381748 21874.832995 1200.000000 
2818.124404 1046.571607 1200.000000 
36688.878171 5027.826607 1200.000000 
38416.039683 22104.089316 1200.000000 
16711.208197 6729.679459 1200.000000 
72908.391459 13854.116299 1200.000000 
65839.536732 9492.126604 1200.000000 
86508.657436 10055.647079 1200.000000 
60936.714981 12546.571573 1200.000000 
60322.817234 4621.913936 1200.000000 
54031.938447 35645.686717 1200.000000 
152.314011 0.000000 416.000000 
98.824564 0.000000 728.000000 
13583.323302 3564.322676 1200.000000 
14520.015601 9849.568157 1200.000000 
32675.651071 12928.254225 1200.000000 
32063.739919 12156.340840 1200.000000 
9244.551269 2639.473450 1200.000000 
