78010.317490 71334.560097 1200.000000 
92422.291237 92289.325666 1200.000000 
76179.695749 42166.499815 1200.000000 
183064.387836 156785.143243 1200.000000 
80118.675807 65864.737673 1200.000000 
187165.934841 156800.000000 1200.000000 
25048.883449 312.423427 1200.000000 
105.902134 0.000000 416.000000 
131255.857092 110966.590407 1200.000000 
187272.000000 156800.000000 1200.000000 
89150.807550 70015.476041 1200.000000 
187272.000000 156800.000000 1200.000000 
73462.471373 72630.717222 1200.000000 
156956.562200 154555.455414 1200.000000 
75736.039087 5795.068854 1200.000000 
184.061223 0.000000 287.000000 
139924.871739 55053.213842 1200.000000 
181680.975962 156800.000000 1200.000000 
5267.550478 542.154671 1200.000000 
103.496989 0.000000 435.000000 
64637.397052 64637.397052 1200.000000 
97265.637018 97253.302973 1200.000000 
67725.860843 59544.301552 1200.000000 
187272.000000 156800.000000 1200.000000 
69884.478494 57439.261169 1200.000000 
187272.000000 156800.000000 1200.000000 
63846.651031 55072.839801 1200.000000 
187272.000000 156800.000000 1200.000000 
64079.858121 58392.644397 1200.000000 
187272.000000 156800.000000 1200.000000 
69076.767791 59076.181147 1200.000000 
187203.108492 156800.000000 1200.000000 
59894.155925 50602.023676 1200.000000 
172217.991337 156800.000000 1200.000000 
87.465527 0.000000 628.000000 
19723.924090 547.305410 1200.000000 
111760.611455 52436.842351 1200.000000 
136911.002107 136911.002107 1200.000000 
127879.128467 108177.421611 1200.000000 
27813.193331 1216.327996 1200.000000 
78010.317490 71334.560097 1200.000000 
92422.291237 92289.325666 1200.000000 
76179.695749 42166.499815 1200.000000 
183064.387836 156785.143243 1200.000000 
80118.675807 65864.737673 1200.000000 
187165.934841 156800.000000 1200.000000 
25048.883449 312.423427 1200.000000 
105.902134 0.000000 416.000000 
131255.857092 110966.590407 1200.000000 
187272.000000 156800.000000 1200.000000 
89150.807550 70015.476041 1200.000000 
187272.000000 156800.000000 1200.000000 
73462.471373 72630.717222 1200.000000 
156956.562200 154555.455414 1200.000000 
75736.039087 5795.068854 1200.000000 
184.061223 0.000000 287.000000 
139924.871739 55053.213842 1200.000000 
181680.975962 156800.000000 1200.000000 
5267.550478 542.154671 1200.000000 
103.496989 0.000000 435.000000 
64637.397052 64637.397052 1200.000000 
97265.637018 97253.302973 1200.000000 
67725.860843 59544.301552 1200.000000 
187272.000000 156800.000000 1200.000000 
69884.478494 57439.261169 1200.000000 
187272.000000 156800.000000 1200.000000 
63846.651031 55072.839801 1200.000000 
187272.000000 156800.000000 1200.000000 
64079.858121 58392.644397 1200.000000 
187272.000000 156800.000000 1200.000000 
69076.767791 59076.181147 1200.000000 
187203.108492 156800.000000 1200.000000 
59894.155925 50602.023676 1200.000000 
172217.991337 156800.000000 1200.000000 
87.465527 0.000000 628.000000 
19723.924090 547.305410 1200.000000 
111760.611455 52436.842351 1200.000000 
136911.002107 136911.002107 1200.000000 
127879.128467 108177.421611 1200.000000 
27813.193331 1216.327996 1200.000000 
