124.663707 0.000000 258.000000 
115.321868 0.000000 580.000000 
136.393606 0.000000 1088.000000 
29680.881091 272.733397 1200.000000 
176.086966 0.000000 586.000000 
32.641137 0.000000 432.000000 
75.223528 0.000000 421.000000 
85.576415 0.000000 529.000000 
150.458255 0.000000 476.000000 
27020.012247 27020.012247 1200.000000 
14141.785162 286.747655 1200.000000 
193.663497 0.000000 498.000000 
109.253816 0.000000 756.000000 
104468.565409 8365.274584 1200.000000 
84.312958 0.000000 679.000000 
129.409480 0.000000 402.000000 
165.320405 0.000000 567.000000 
1.157977 0.000000 248.000000 
111.893293 0.000000 321.000000 
124.372317 0.000000 530.000000 
124.663707 0.000000 258.000000 
115.321868 0.000000 580.000000 
136.393606 0.000000 1088.000000 
29680.881091 272.733397 1200.000000 
176.086966 0.000000 586.000000 
32.641137 0.000000 432.000000 
75.223528 0.000000 421.000000 
85.576415 0.000000 529.000000 
150.458255 0.000000 476.000000 
27020.012247 27020.012247 1200.000000 
14141.785162 286.747655 1200.000000 
193.663497 0.000000 498.000000 
109.253816 0.000000 756.000000 
104468.565409 8365.274584 1200.000000 
84.312958 0.000000 679.000000 
129.409480 0.000000 402.000000 
165.320405 0.000000 567.000000 
1.157977 0.000000 248.000000 
111.893293 0.000000 321.000000 
124.372317 0.000000 530.000000 
