113011.827109 58487.571462 1200.000000 
157518.838831 82264.399131 1200.000000 
168893.222574 89888.807709 1200.000000 
15528.621270 14516.128210 1200.000000 
2126.405622 798.978924 1200.000000 
59814.866366 36799.392259 1200.000000 
101791.099355 86172.976945 1200.000000 
153.876996 0.000000 727.000000 
200.461026 0.000000 738.000000 
187272.000000 156800.000000 1200.000000 
18313.088334 320.818901 1200.000000 
14286.278686 6670.448916 1200.000000 
0.130478 0.000000 725.000000 
1321.899952 221.234481 1200.000000 
28051.680294 214.523158 1200.000000 
7250.174422 1401.204894 1200.000000 
3690.730798 595.280333 1200.000000 
67774.033600 34209.942898 1200.000000 
51488.707538 7931.963183 1200.000000 
96.577581 0.000000 526.000000 
141529.983866 71989.786981 1200.000000 
169152.430496 90481.762374 1200.000000 
93636.000000 90866.858398 1200.000000 
151463.775072 71071.193406 1200.000000 
85132.071851 1058.089420 1200.000000 
119398.505196 105848.466972 1200.000000 
132529.760514 132529.760514 1200.000000 
47844.462125 47759.516557 1200.000000 
121291.071666 120379.839992 1200.000000 
131530.406871 131245.367149 1200.000000 
147267.954497 62035.174255 1200.000000 
173150.148107 145385.972143 1200.000000 
155904.380377 140224.201236 1200.000000 
137985.001075 125449.944639 1200.000000 
187272.000000 156800.000000 1200.000000 
75.204853 0.000000 249.000000 
62483.465111 666.804081 1200.000000 
23375.656750 20158.235385 1200.000000 
92.124970 0.000000 1168.000000 
187272.000000 156800.000000 1200.000000 
30599.048040 10207.286255 1200.000000 
11864.610080 2592.449594 1200.000000 
71660.047475 29269.969818 1200.000000 
122570.747010 7233.929449 1200.000000 
156.452209 0.000000 371.000000 
26154.760091 7777.735008 1200.000000 
26487.294951 3555.478567 1200.000000 
165.265623 0.000000 602.000000 
110088.656522 30453.581282 1200.000000 
139.186483 0.000000 812.000000 
30923.961135 28759.262836 1200.000000 
39618.567211 39224.457928 1200.000000 
2456.900399 2430.527354 1200.000000 
16.812897 0.000000 877.000000 
31623.598662 2101.282224 1200.000000 
118520.442104 60640.253855 1200.000000 
142918.405630 134129.708987 1200.000000 
118.710922 0.000000 941.000000 
127373.950417 111354.648339 1200.000000 
153184.890341 138751.089753 1200.000000 
81437.019713 19054.275807 1200.000000 
58418.601815 2448.727099 1200.000000 
86664.090002 48248.183190 1200.000000 
108755.902395 14883.506420 1200.000000 
175.234858 0.000000 626.000000 
122718.528428 107862.310143 1200.000000 
174174.008653 146635.990905 1200.000000 
166898.809743 145182.599551 1200.000000 
152855.747692 131926.165302 1200.000000 
187073.720131 156800.000000 1200.000000 
66248.729779 56849.259824 1200.000000 
88404.578667 62580.220519 1200.000000 
170904.547863 156550.739012 1200.000000 
151558.284677 145893.617149 1200.000000 
187272.000000 156800.000000 1200.000000 
58353.159863 28849.801925 1200.000000 
68667.996741 35417.913098 1200.000000 
68633.934393 41025.456051 1200.000000 
12111.718982 1393.953685 1200.000000 
70575.409988 45070.531792 1200.000000 
106.266035 0.000000 704.000000 
113.229541 0.000000 820.000000 
39286.772048 27262.357934 1200.000000 
148.915978 0.000000 417.000000 
83.997880 0.000000 880.000000 
43548.037048 3092.605922 1200.000000 
4921.627382 959.796100 1200.000000 
69195.744013 49631.452592 1200.000000 
32110.387713 8422.615637 1200.000000 
170.284190 0.000000 278.000000 
132049.191852 81513.320469 1200.000000 
97440.906778 88239.085665 1200.000000 
166514.117175 93636.047374 1200.000000 
2323.154221 2242.475725 1200.000000 
1206.658995 934.337482 1200.000000 
68548.219963 59941.818105 1200.000000 
168679.468153 153086.750956 1200.000000 
171558.643854 152072.711803 1200.000000 
152884.482285 139675.124181 1200.000000 
187272.000000 156800.000000 1200.000000 
113011.827109 58487.571462 1200.000000 
157518.838831 82264.399131 1200.000000 
168893.222574 89888.807709 1200.000000 
15528.621270 14516.128210 1200.000000 
2126.405622 798.978924 1200.000000 
59814.866366 36799.392259 1200.000000 
101791.099355 86172.976945 1200.000000 
153.876996 0.000000 727.000000 
200.461026 0.000000 738.000000 
187272.000000 156800.000000 1200.000000 
18313.088334 320.818901 1200.000000 
14286.278686 6670.448916 1200.000000 
0.130478 0.000000 725.000000 
1321.899952 221.234481 1200.000000 
28051.680294 214.523158 1200.000000 
7250.174422 1401.204894 1200.000000 
3690.730798 595.280333 1200.000000 
67774.033600 34209.942898 1200.000000 
51488.707538 7931.963183 1200.000000 
96.577581 0.000000 526.000000 
141529.983866 71989.786981 1200.000000 
169152.430496 90481.762374 1200.000000 
93636.000000 90866.858398 1200.000000 
151463.775072 71071.193406 1200.000000 
85132.071851 1058.089420 1200.000000 
119398.505196 105848.466972 1200.000000 
132529.760514 132529.760514 1200.000000 
47844.462125 47759.516557 1200.000000 
121291.071666 120379.839992 1200.000000 
131530.406871 131245.367149 1200.000000 
147267.954497 62035.174255 1200.000000 
173150.148107 145385.972143 1200.000000 
155904.380377 140224.201236 1200.000000 
137985.001075 125449.944639 1200.000000 
187272.000000 156800.000000 1200.000000 
75.204853 0.000000 249.000000 
62483.465111 666.804081 1200.000000 
23375.656750 20158.235385 1200.000000 
92.124970 0.000000 1168.000000 
187272.000000 156800.000000 1200.000000 
30599.048040 10207.286255 1200.000000 
11864.610080 2592.449594 1200.000000 
71660.047475 29269.969818 1200.000000 
122570.747010 7233.929449 1200.000000 
156.452209 0.000000 371.000000 
26154.760091 7777.735008 1200.000000 
26487.294951 3555.478567 1200.000000 
165.265623 0.000000 602.000000 
110088.656522 30453.581282 1200.000000 
139.186483 0.000000 812.000000 
30923.961135 28759.262836 1200.000000 
39618.567211 39224.457928 1200.000000 
2456.900399 2430.527354 1200.000000 
16.812897 0.000000 877.000000 
31623.598662 2101.282224 1200.000000 
118520.442104 60640.253855 1200.000000 
142918.405630 134129.708987 1200.000000 
118.710922 0.000000 941.000000 
127373.950417 111354.648339 1200.000000 
153184.890341 138751.089753 1200.000000 
81437.019713 19054.275807 1200.000000 
58418.601815 2448.727099 1200.000000 
86664.090002 48248.183190 1200.000000 
108755.902395 14883.506420 1200.000000 
175.234858 0.000000 626.000000 
122718.528428 107862.310143 1200.000000 
174174.008653 146635.990905 1200.000000 
166898.809743 145182.599551 1200.000000 
152855.747692 131926.165302 1200.000000 
187073.720131 156800.000000 1200.000000 
66248.729779 56849.259824 1200.000000 
88404.578667 62580.220519 1200.000000 
170904.547863 156550.739012 1200.000000 
151558.284677 145893.617149 1200.000000 
187272.000000 156800.000000 1200.000000 
58353.159863 28849.801925 1200.000000 
68667.996741 35417.913098 1200.000000 
68633.934393 41025.456051 1200.000000 
12111.718982 1393.953685 1200.000000 
70575.409988 45070.531792 1200.000000 
106.266035 0.000000 704.000000 
113.229541 0.000000 820.000000 
39286.772048 27262.357934 1200.000000 
148.915978 0.000000 417.000000 
83.997880 0.000000 880.000000 
43548.037048 3092.605922 1200.000000 
4921.627382 959.796100 1200.000000 
69195.744013 49631.452592 1200.000000 
32110.387713 8422.615637 1200.000000 
170.284190 0.000000 278.000000 
132049.191852 81513.320469 1200.000000 
97440.906778 88239.085665 1200.000000 
166514.117175 93636.047374 1200.000000 
2323.154221 2242.475725 1200.000000 
1206.658995 934.337482 1200.000000 
68548.219963 59941.818105 1200.000000 
168679.468153 153086.750956 1200.000000 
171558.643854 152072.711803 1200.000000 
152884.482285 139675.124181 1200.000000 
187272.000000 156800.000000 1200.000000 
