123.040547 0.000000 735.000000 
10.263725 0.000000 285.000000 
109.323659 0.000000 632.000000 
156710.771909 145442.880553 1200.000000 
155340.201160 145067.015497 1200.000000 
99.604245 0.000000 430.000000 
88.369829 0.000000 1069.000000 
54500.648555 1424.809134 1200.000000 
129.148436 0.000000 427.000000 
161959.922008 144699.722014 1200.000000 
95.039657 0.000000 318.000000 
85.212874 0.000000 190.000000 
112.523608 0.000000 980.000000 
141.125983 0.000000 1173.000000 
4360.774775 3819.262637 1200.000000 
33460.555965 3670.938969 1200.000000 
29.343813 0.000000 605.000000 
6995.029083 6995.029083 1200.000000 
142088.604703 140701.438322 1200.000000 
69.485477 0.000000 958.000000 
123.040547 0.000000 735.000000 
10.263725 0.000000 285.000000 
109.323659 0.000000 632.000000 
156710.771909 145442.880553 1200.000000 
155340.201160 145067.015497 1200.000000 
99.604245 0.000000 430.000000 
88.369829 0.000000 1069.000000 
54500.648555 1424.809134 1200.000000 
129.148436 0.000000 427.000000 
161959.922008 144699.722014 1200.000000 
95.039657 0.000000 318.000000 
85.212874 0.000000 190.000000 
112.523608 0.000000 980.000000 
141.125983 0.000000 1173.000000 
4360.774775 3819.262637 1200.000000 
33460.555965 3670.938969 1200.000000 
29.343813 0.000000 605.000000 
6995.029083 6995.029083 1200.000000 
142088.604703 140701.438322 1200.000000 
69.485477 0.000000 958.000000 
