7952.108660 203.483169 1200.000000 
55652.578326 400.703421 1200.000000 
126.106039 0.000000 771.000000 
152.878786 0.000000 776.000000 
85119.064587 79906.536010 1200.000000 
144.269140 0.000000 591.000000 
163.726585 0.000000 224.000000 
51.431417 0.000000 123.000000 
11552.212468 7529.497667 1200.000000 
75533.155926 65304.256526 1200.000000 
9.863698 0.000000 124.000000 
128.927120 0.000000 875.000000 
59.457706 0.000000 907.000000 
99.520462 0.000000 193.000000 
79.473901 0.000000 205.000000 
137.870834 0.000000 603.000000 
73.983020 0.000000 736.000000 
81.548616 0.000000 989.000000 
6407.974547 447.469031 1200.000000 
134166.462668 109965.769492 1200.000000 
7952.108660 203.483169 1200.000000 
55652.578326 400.703421 1200.000000 
126.106039 0.000000 771.000000 
152.878786 0.000000 776.000000 
85119.064587 79906.536010 1200.000000 
144.269140 0.000000 591.000000 
163.726585 0.000000 224.000000 
51.431417 0.000000 123.000000 
11552.212468 7529.497667 1200.000000 
75533.155926 65304.256526 1200.000000 
9.863698 0.000000 124.000000 
128.927120 0.000000 875.000000 
59.457706 0.000000 907.000000 
99.520462 0.000000 193.000000 
79.473901 0.000000 205.000000 
137.870834 0.000000 603.000000 
73.983020 0.000000 736.000000 
81.548616 0.000000 989.000000 
6407.974547 447.469031 1200.000000 
134166.462668 109965.769492 1200.000000 
