128606.851682 3802.011546 1200.000000 
116487.025256 1710.494700 1200.000000 
36127.789070 4069.650054 1200.000000 
86375.821987 2147.683723 1200.000000 
6159.404964 1281.022186 1200.000000 
136.367175 0.000000 346.000000 
4732.460619 3832.771205 1200.000000 
124.325955 0.000000 1101.000000 
96.371435 0.000000 308.000000 
5260.130225 475.029363 1200.000000 
145.130494 0.000000 412.000000 
25743.883052 21944.728450 1200.000000 
144.852039 0.000000 397.000000 
45.906972 0.000000 321.000000 
159.538748 0.000000 394.000000 
48026.011832 656.668074 1200.000000 
3091.269632 1748.811304 1200.000000 
36.107142 0.000000 766.000000 
135.452042 0.000000 865.000000 
145.269316 0.000000 429.000000 
104.998844 0.000000 361.000000 
132.495633 0.000000 1087.000000 
140.180958 0.000000 370.000000 
124.753371 0.000000 314.000000 
5348.226077 478.357983 1200.000000 
73.919996 0.000000 1100.000000 
145.038638 0.000000 648.000000 
5043.962529 619.757044 1200.000000 
37.736208 0.000000 1095.000000 
19461.637238 251.643671 1200.000000 
67380.260983 2790.001940 1200.000000 
38759.755164 13946.171220 1200.000000 
102.675533 0.000000 1011.000000 
1504.785698 262.601231 1200.000000 
15747.821150 4905.228609 1200.000000 
3913.763153 197.703705 1200.000000 
10327.059140 547.734167 1200.000000 
159.114441 0.000000 777.000000 
149.653961 0.000000 309.000000 
148.428192 0.000000 344.000000 
36528.962170 9316.449404 1200.000000 
36457.092119 3599.854181 1200.000000 
27617.963367 13128.594949 1200.000000 
37347.281894 8463.283802 1200.000000 
15617.563334 1345.407436 1200.000000 
110.131124 0.000000 282.000000 
182.176007 0.000000 993.000000 
122.233433 0.000000 319.000000 
179.230484 0.000000 266.000000 
44279.517434 236.363290 1200.000000 
240.273736 0.000000 924.000000 
75671.887283 1276.418492 1200.000000 
16299.846482 779.853701 1200.000000 
18507.106386 913.006604 1200.000000 
154.237352 0.000000 398.000000 
149.186053 0.000000 375.000000 
98.844262 0.000000 880.000000 
51.837308 0.000000 297.000000 
39.795495 0.000000 301.000000 
122.058045 0.000000 334.000000 
96.338384 0.000000 920.000000 
148.248465 0.000000 787.000000 
161.051978 0.000000 636.000000 
40.251116 0.000000 293.000000 
81.049027 0.000000 414.000000 
99.565450 0.000000 676.000000 
18484.145605 12493.723193 1200.000000 
79.745605 0.000000 334.000000 
55.597380 0.000000 282.000000 
150.576732 0.000000 1041.000000 
17903.961107 220.038757 1200.000000 
116.830522 0.000000 682.000000 
95.050351 0.000000 342.000000 
319.545915 319.545915 1200.000000 
112.325291 0.000000 358.000000 
166.752491 0.000000 276.000000 
162.693691 0.000000 574.000000 
172.490837 0.000000 832.000000 
75.927003 0.000000 828.000000 
97463.768734 333.778923 1200.000000 
58.075872 0.000000 373.000000 
160.279541 0.000000 1098.000000 
140.679331 0.000000 273.000000 
52.526641 0.000000 260.000000 
49.532506 0.000000 303.000000 
107.280337 0.000000 412.000000 
83161.199147 6049.836237 1200.000000 
43.886603 0.000000 926.000000 
170.220299 0.000000 320.000000 
168.795787 0.000000 638.000000 
18413.560350 332.645114 1200.000000 
4425.047286 273.112851 1200.000000 
27.335099 0.000000 274.000000 
36.238928 0.000000 304.000000 
114.965725 0.000000 793.000000 
24297.946487 300.507424 1200.000000 
2484.755603 933.300437 1200.000000 
213.731837 0.000000 336.000000 
179.072598 0.000000 324.000000 
158.466583 0.000000 943.000000 
128606.851682 3802.011546 1200.000000 
116487.025256 1710.494700 1200.000000 
36127.789070 4069.650054 1200.000000 
86375.821987 2147.683723 1200.000000 
6159.404964 1281.022186 1200.000000 
136.367175 0.000000 346.000000 
4732.460619 3832.771205 1200.000000 
124.325955 0.000000 1101.000000 
96.371435 0.000000 308.000000 
5260.130225 475.029363 1200.000000 
145.130494 0.000000 412.000000 
25743.883052 21944.728450 1200.000000 
144.852039 0.000000 397.000000 
45.906972 0.000000 321.000000 
159.538748 0.000000 394.000000 
48026.011832 656.668074 1200.000000 
3091.269632 1748.811304 1200.000000 
36.107142 0.000000 766.000000 
135.452042 0.000000 865.000000 
145.269316 0.000000 429.000000 
104.998844 0.000000 361.000000 
132.495633 0.000000 1087.000000 
140.180958 0.000000 370.000000 
124.753371 0.000000 314.000000 
5348.226077 478.357983 1200.000000 
73.919996 0.000000 1100.000000 
145.038638 0.000000 648.000000 
5043.962529 619.757044 1200.000000 
37.736208 0.000000 1095.000000 
19461.637238 251.643671 1200.000000 
67380.260983 2790.001940 1200.000000 
38759.755164 13946.171220 1200.000000 
102.675533 0.000000 1011.000000 
1504.785698 262.601231 1200.000000 
15747.821150 4905.228609 1200.000000 
3913.763153 197.703705 1200.000000 
10327.059140 547.734167 1200.000000 
159.114441 0.000000 777.000000 
149.653961 0.000000 309.000000 
148.428192 0.000000 344.000000 
36528.962170 9316.449404 1200.000000 
36457.092119 3599.854181 1200.000000 
27617.963367 13128.594949 1200.000000 
37347.281894 8463.283802 1200.000000 
15617.563334 1345.407436 1200.000000 
110.131124 0.000000 282.000000 
182.176007 0.000000 993.000000 
122.233433 0.000000 319.000000 
179.230484 0.000000 266.000000 
44279.517434 236.363290 1200.000000 
240.273736 0.000000 924.000000 
75671.887283 1276.418492 1200.000000 
16299.846482 779.853701 1200.000000 
18507.106386 913.006604 1200.000000 
154.237352 0.000000 398.000000 
149.186053 0.000000 375.000000 
98.844262 0.000000 880.000000 
51.837308 0.000000 297.000000 
39.795495 0.000000 301.000000 
122.058045 0.000000 334.000000 
96.338384 0.000000 920.000000 
148.248465 0.000000 787.000000 
161.051978 0.000000 636.000000 
40.251116 0.000000 293.000000 
81.049027 0.000000 414.000000 
99.565450 0.000000 676.000000 
18484.145605 12493.723193 1200.000000 
79.745605 0.000000 334.000000 
55.597380 0.000000 282.000000 
150.576732 0.000000 1041.000000 
17903.961107 220.038757 1200.000000 
116.830522 0.000000 682.000000 
95.050351 0.000000 342.000000 
319.545915 319.545915 1200.000000 
112.325291 0.000000 358.000000 
166.752491 0.000000 276.000000 
162.693691 0.000000 574.000000 
172.490837 0.000000 832.000000 
75.927003 0.000000 828.000000 
97463.768734 333.778923 1200.000000 
58.075872 0.000000 373.000000 
160.279541 0.000000 1098.000000 
140.679331 0.000000 273.000000 
52.526641 0.000000 260.000000 
49.532506 0.000000 303.000000 
107.280337 0.000000 412.000000 
83161.199147 6049.836237 1200.000000 
43.886603 0.000000 926.000000 
170.220299 0.000000 320.000000 
168.795787 0.000000 638.000000 
18413.560350 332.645114 1200.000000 
4425.047286 273.112851 1200.000000 
27.335099 0.000000 274.000000 
36.238928 0.000000 304.000000 
114.965725 0.000000 793.000000 
24297.946487 300.507424 1200.000000 
2484.755603 933.300437 1200.000000 
213.731837 0.000000 336.000000 
179.072598 0.000000 324.000000 
158.466583 0.000000 943.000000 
