124019.734225 124019.734225 1200.000000 
123.752809 0.000000 305.000000 
87626.767339 87626.767339 1200.000000 
13226.463827 12910.094374 1200.000000 
43939.732122 43939.732122 1200.000000 
71.883270 0.000000 246.000000 
104384.504473 102717.366503 1200.000000 
4009.364113 484.614760 1200.000000 
98.007142 0.000000 173.000000 
153732.810319 145354.317126 1200.000000 
203.353149 0.000000 357.000000 
117.907831 0.000000 284.000000 
165.137676 0.000000 1097.000000 
6608.071715 6608.071715 1200.000000 
145834.568513 141386.285641 1200.000000 
124407.569731 123091.544903 1200.000000 
107245.977460 105284.567934 1200.000000 
108434.390181 105371.892094 1200.000000 
53796.706332 49803.988783 1200.000000 
88.246756 0.000000 491.000000 
124019.734225 124019.734225 1200.000000 
123.752809 0.000000 305.000000 
87626.767339 87626.767339 1200.000000 
13226.463827 12910.094374 1200.000000 
43939.732122 43939.732122 1200.000000 
71.883270 0.000000 246.000000 
104384.504473 102717.366503 1200.000000 
4009.364113 484.614760 1200.000000 
98.007142 0.000000 173.000000 
153732.810319 145354.317126 1200.000000 
203.353149 0.000000 357.000000 
117.907831 0.000000 284.000000 
165.137676 0.000000 1097.000000 
6608.071715 6608.071715 1200.000000 
145834.568513 141386.285641 1200.000000 
124407.569731 123091.544903 1200.000000 
107245.977460 105284.567934 1200.000000 
108434.390181 105371.892094 1200.000000 
53796.706332 49803.988783 1200.000000 
88.246756 0.000000 491.000000 
