151424.773161 143818.242917 1200.000000 
93.052480 0.000000 1190.000000 
152273.286208 143405.039555 1200.000000 
52.986017 0.000000 1059.000000 
133982.050828 133714.372918 1200.000000 
111.901096 0.000000 974.000000 
94.236110 0.000000 439.000000 
79.436190 0.000000 340.000000 
152385.435461 149779.274702 1200.000000 
158499.259602 145288.840814 1200.000000 
155326.041725 143205.907867 1200.000000 
125.485828 0.000000 1130.000000 
165048.221986 146050.038434 1200.000000 
156656.545696 143702.692456 1200.000000 
156287.568542 145097.364905 1200.000000 
153480.510850 149685.259995 1200.000000 
159430.547994 147518.839957 1200.000000 
157525.479905 145257.467954 1200.000000 
167321.446463 145921.536048 1200.000000 
152895.740062 144741.803174 1200.000000 
151424.773161 143818.242917 1200.000000 
93.052480 0.000000 1190.000000 
152273.286208 143405.039555 1200.000000 
52.986017 0.000000 1059.000000 
133982.050828 133714.372918 1200.000000 
111.901096 0.000000 974.000000 
94.236110 0.000000 439.000000 
79.436190 0.000000 340.000000 
152385.435461 149779.274702 1200.000000 
158499.259602 145288.840814 1200.000000 
155326.041725 143205.907867 1200.000000 
125.485828 0.000000 1130.000000 
165048.221986 146050.038434 1200.000000 
156656.545696 143702.692456 1200.000000 
156287.568542 145097.364905 1200.000000 
153480.510850 149685.259995 1200.000000 
159430.547994 147518.839957 1200.000000 
157525.479905 145257.467954 1200.000000 
167321.446463 145921.536048 1200.000000 
152895.740062 144741.803174 1200.000000 
