8134.225678 8134.225678 1200.000000 
55803.551659 55803.551659 1200.000000 
152487.149047 147973.242025 1200.000000 
160193.552093 149363.924831 1200.000000 
155367.120559 150124.842544 1200.000000 
133931.399159 132109.984014 1200.000000 
144947.393973 144947.393973 1200.000000 
157977.269243 154795.021353 1200.000000 
155860.076787 150966.888284 1200.000000 
154097.642951 145425.575861 1200.000000 
155197.078076 144629.705261 1200.000000 
160724.432099 146961.560853 1200.000000 
155767.058231 151641.699960 1200.000000 
154710.659174 153190.603350 1200.000000 
156832.466138 148848.845708 1200.000000 
161404.602297 149261.895331 1200.000000 
156130.843800 147467.841773 1200.000000 
150190.630795 148465.014048 1200.000000 
156293.767536 148619.214577 1200.000000 
151270.946186 148311.379847 1200.000000 
8134.225678 8134.225678 1200.000000 
55803.551659 55803.551659 1200.000000 
152487.149047 147973.242025 1200.000000 
160193.552093 149363.924831 1200.000000 
155367.120559 150124.842544 1200.000000 
133931.399159 132109.984014 1200.000000 
144947.393973 144947.393973 1200.000000 
157977.269243 154795.021353 1200.000000 
155860.076787 150966.888284 1200.000000 
154097.642951 145425.575861 1200.000000 
155197.078076 144629.705261 1200.000000 
160724.432099 146961.560853 1200.000000 
155767.058231 151641.699960 1200.000000 
154710.659174 153190.603350 1200.000000 
156832.466138 148848.845708 1200.000000 
161404.602297 149261.895331 1200.000000 
156130.843800 147467.841773 1200.000000 
150190.630795 148465.014048 1200.000000 
156293.767536 148619.214577 1200.000000 
151270.946186 148311.379847 1200.000000 
