64210.920492 10428.279370 1200.000000 
25122.942518 12614.189042 1200.000000 
38243.873166 4701.236385 1200.000000 
12917.822695 680.868421 1200.000000 
127.539523 0.000000 378.000000 
68918.142327 10112.890304 1200.000000 
74429.467026 11398.480121 1200.000000 
71884.983966 5769.021572 1200.000000 
15907.641282 3609.433104 1200.000000 
41536.508698 641.097906 1200.000000 
30049.450114 8564.447382 1200.000000 
39269.877681 12654.659839 1200.000000 
24001.426278 9540.158537 1200.000000 
21163.753782 1042.248388 1200.000000 
74.176473 0.000000 422.000000 
33387.614010 33101.139876 1200.000000 
37944.630823 8938.109791 1200.000000 
15765.678065 6607.868573 1200.000000 
23753.821460 690.781655 1200.000000 
171.989513 0.000000 311.000000 
47175.928090 7575.578331 1200.000000 
32837.081097 6068.992985 1200.000000 
10161.113225 4299.021145 1200.000000 
13190.535754 1003.653419 1200.000000 
66202.709155 743.236329 1200.000000 
16911.555194 11369.016978 1200.000000 
40412.330930 18202.287166 1200.000000 
33410.800751 4129.260598 1200.000000 
75.136018 0.000000 354.000000 
108.823508 0.000000 382.000000 
46972.643397 12729.696500 1200.000000 
29801.789022 15713.793502 1200.000000 
45251.071766 7819.795901 1200.000000 
11118.890692 1136.034412 1200.000000 
38020.145530 813.163995 1200.000000 
66123.304187 8028.827867 1200.000000 
33345.735536 27075.939352 1200.000000 
33946.080064 5193.911778 1200.000000 
18.905837 0.000000 428.000000 
7846.354467 1323.208907 1200.000000 
38056.654492 14849.764802 1200.000000 
31206.467897 10083.142838 1200.000000 
35166.932725 6693.492986 1200.000000 
143.808540 0.000000 300.000000 
19606.918422 306.890067 1200.000000 
25857.204332 7965.082594 1200.000000 
23826.019894 7756.438204 1200.000000 
12649.791741 6057.060162 1200.000000 
28.493235 0.000000 356.000000 
112.442870 0.000000 388.000000 
45912.018812 9122.746762 1200.000000 
30186.009457 9083.971956 1200.000000 
14475.388126 6634.442759 1200.000000 
23319.155315 5560.557876 1200.000000 
5519.684437 1078.358960 1200.000000 
52718.927307 10448.618257 1200.000000 
22658.149989 10117.036250 1200.000000 
49066.705177 3815.568427 1200.000000 
127.488625 0.000000 316.000000 
7544.680313 1183.656473 1200.000000 
94437.589874 65313.670894 1200.000000 
37086.987300 11960.959528 1200.000000 
51417.735721 6123.773592 1200.000000 
46563.241350 1118.653262 1200.000000 
13425.567034 1106.097507 1200.000000 
53715.414474 8898.182125 1200.000000 
18710.512167 10130.282723 1200.000000 
17430.561507 5348.994627 1200.000000 
206.420186 0.000000 966.000000 
3412.321065 1006.962999 1200.000000 
54825.439213 8888.133529 1200.000000 
17645.440039 11022.824354 1200.000000 
19808.137188 4706.648964 1200.000000 
26918.041915 3793.958136 1200.000000 
143.562440 0.000000 426.000000 
56918.662051 7397.662802 1200.000000 
18717.810717 6620.276057 1200.000000 
52176.071611 4240.909607 1200.000000 
19564.181485 862.121305 1200.000000 
26421.905451 968.394503 1200.000000 
54002.743585 12302.344334 1200.000000 
26519.581127 6983.043697 1200.000000 
32600.352916 7362.758467 1200.000000 
4685.777131 661.722517 1200.000000 
18637.502933 707.582679 1200.000000 
57801.550591 55677.535609 1200.000000 
25740.022071 8670.075081 1200.000000 
17350.147725 6572.248297 1200.000000 
191.818481 0.000000 297.000000 
44230.967303 571.468460 1200.000000 
49930.518784 8247.303263 1200.000000 
21140.502080 15426.098265 1200.000000 
16403.077084 5543.614184 1200.000000 
4453.699752 512.981407 1200.000000 
7159.760171 661.306809 1200.000000 
54769.616467 12682.370774 1200.000000 
22393.860614 5698.044036 1200.000000 
37249.413936 5311.784143 1200.000000 
20697.651671 9906.513864 1200.000000 
13512.052064 1018.076707 1200.000000 
64210.920492 10428.279370 1200.000000 
25122.942518 12614.189042 1200.000000 
38243.873166 4701.236385 1200.000000 
12917.822695 680.868421 1200.000000 
127.539523 0.000000 378.000000 
68918.142327 10112.890304 1200.000000 
74429.467026 11398.480121 1200.000000 
71884.983966 5769.021572 1200.000000 
15907.641282 3609.433104 1200.000000 
41536.508698 641.097906 1200.000000 
30049.450114 8564.447382 1200.000000 
39269.877681 12654.659839 1200.000000 
24001.426278 9540.158537 1200.000000 
21163.753782 1042.248388 1200.000000 
74.176473 0.000000 422.000000 
33387.614010 33101.139876 1200.000000 
37944.630823 8938.109791 1200.000000 
15765.678065 6607.868573 1200.000000 
23753.821460 690.781655 1200.000000 
171.989513 0.000000 311.000000 
47175.928090 7575.578331 1200.000000 
32837.081097 6068.992985 1200.000000 
10161.113225 4299.021145 1200.000000 
13190.535754 1003.653419 1200.000000 
66202.709155 743.236329 1200.000000 
16911.555194 11369.016978 1200.000000 
40412.330930 18202.287166 1200.000000 
33410.800751 4129.260598 1200.000000 
75.136018 0.000000 354.000000 
108.823508 0.000000 382.000000 
46972.643397 12729.696500 1200.000000 
29801.789022 15713.793502 1200.000000 
45251.071766 7819.795901 1200.000000 
11118.890692 1136.034412 1200.000000 
38020.145530 813.163995 1200.000000 
66123.304187 8028.827867 1200.000000 
33345.735536 27075.939352 1200.000000 
33946.080064 5193.911778 1200.000000 
18.905837 0.000000 428.000000 
7846.354467 1323.208907 1200.000000 
38056.654492 14849.764802 1200.000000 
31206.467897 10083.142838 1200.000000 
35166.932725 6693.492986 1200.000000 
143.808540 0.000000 300.000000 
19606.918422 306.890067 1200.000000 
25857.204332 7965.082594 1200.000000 
23826.019894 7756.438204 1200.000000 
12649.791741 6057.060162 1200.000000 
28.493235 0.000000 356.000000 
112.442870 0.000000 388.000000 
45912.018812 9122.746762 1200.000000 
30186.009457 9083.971956 1200.000000 
14475.388126 6634.442759 1200.000000 
23319.155315 5560.557876 1200.000000 
5519.684437 1078.358960 1200.000000 
52718.927307 10448.618257 1200.000000 
22658.149989 10117.036250 1200.000000 
49066.705177 3815.568427 1200.000000 
127.488625 0.000000 316.000000 
7544.680313 1183.656473 1200.000000 
94437.589874 65313.670894 1200.000000 
37086.987300 11960.959528 1200.000000 
51417.735721 6123.773592 1200.000000 
46563.241350 1118.653262 1200.000000 
13425.567034 1106.097507 1200.000000 
53715.414474 8898.182125 1200.000000 
18710.512167 10130.282723 1200.000000 
17430.561507 5348.994627 1200.000000 
206.420186 0.000000 966.000000 
3412.321065 1006.962999 1200.000000 
54825.439213 8888.133529 1200.000000 
17645.440039 11022.824354 1200.000000 
19808.137188 4706.648964 1200.000000 
26918.041915 3793.958136 1200.000000 
143.562440 0.000000 426.000000 
56918.662051 7397.662802 1200.000000 
18717.810717 6620.276057 1200.000000 
52176.071611 4240.909607 1200.000000 
19564.181485 862.121305 1200.000000 
26421.905451 968.394503 1200.000000 
54002.743585 12302.344334 1200.000000 
26519.581127 6983.043697 1200.000000 
32600.352916 7362.758467 1200.000000 
4685.777131 661.722517 1200.000000 
18637.502933 707.582679 1200.000000 
57801.550591 55677.535609 1200.000000 
25740.022071 8670.075081 1200.000000 
17350.147725 6572.248297 1200.000000 
191.818481 0.000000 297.000000 
44230.967303 571.468460 1200.000000 
49930.518784 8247.303263 1200.000000 
21140.502080 15426.098265 1200.000000 
16403.077084 5543.614184 1200.000000 
4453.699752 512.981407 1200.000000 
7159.760171 661.306809 1200.000000 
54769.616467 12682.370774 1200.000000 
22393.860614 5698.044036 1200.000000 
37249.413936 5311.784143 1200.000000 
20697.651671 9906.513864 1200.000000 
13512.052064 1018.076707 1200.000000 
