128.134759 0.000000 1027.000000 
160431.170793 150518.061551 1200.000000 
153726.354645 150242.941422 1200.000000 
159312.131824 151295.141275 1200.000000 
158237.404367 151654.253281 1200.000000 
161111.305779 145631.532135 1200.000000 
152319.459331 148086.836710 1200.000000 
154334.117261 153623.925662 1200.000000 
150761.923968 150761.923968 1200.000000 
156055.320000 149712.459294 1200.000000 
152975.147606 152975.147606 1200.000000 
154945.133711 150010.696555 1200.000000 
160457.730819 147048.965333 1200.000000 
159539.386182 155589.645584 1200.000000 
156544.767198 151294.592008 1200.000000 
153097.419332 148126.731112 1200.000000 
155556.896314 151521.729550 1200.000000 
154823.745900 151521.840122 1200.000000 
159418.596087 152505.349900 1200.000000 
157940.047903 153517.031586 1200.000000 
128.134759 0.000000 1027.000000 
160431.170793 150518.061551 1200.000000 
153726.354645 150242.941422 1200.000000 
159312.131824 151295.141275 1200.000000 
158237.404367 151654.253281 1200.000000 
161111.305779 145631.532135 1200.000000 
152319.459331 148086.836710 1200.000000 
154334.117261 153623.925662 1200.000000 
150761.923968 150761.923968 1200.000000 
156055.320000 149712.459294 1200.000000 
152975.147606 152975.147606 1200.000000 
154945.133711 150010.696555 1200.000000 
160457.730819 147048.965333 1200.000000 
159539.386182 155589.645584 1200.000000 
156544.767198 151294.592008 1200.000000 
153097.419332 148126.731112 1200.000000 
155556.896314 151521.729550 1200.000000 
154823.745900 151521.840122 1200.000000 
159418.596087 152505.349900 1200.000000 
157940.047903 153517.031586 1200.000000 
