32720.624499 1843.916915 1200.000000 
46711.498606 2204.134435 1200.000000 
51028.972132 3276.947623 1200.000000 
55841.259053 27750.042111 1200.000000 
166.164791 0.000000 234.000000 
83261.734416 70928.252168 1200.000000 
89787.839881 73207.835152 1200.000000 
46306.900719 43590.064524 1200.000000 
83228.974900 70086.102573 1200.000000 
24249.092946 1947.121163 1200.000000 
7297.436528 1767.062878 1200.000000 
61828.102982 3692.268152 1200.000000 
60709.140458 3661.541685 1200.000000 
25710.069199 20805.776745 1200.000000 
203.152254 0.000000 486.000000 
171292.057829 150934.724483 1200.000000 
70945.631734 3477.327133 1200.000000 
121.111743 0.000000 295.000000 
166679.170579 145231.559944 1200.000000 
187272.000000 156800.000000 1200.000000 
109351.982098 1363.280779 1200.000000 
5792.270652 3401.604759 1200.000000 
4480.741490 4426.084055 1200.000000 
31926.607425 21891.728072 1200.000000 
136.749955 0.000000 233.000000 
109.239200 0.000000 392.000000 
58979.824633 1425.855882 1200.000000 
119.507423 0.000000 235.000000 
32995.383592 22761.287367 1200.000000 
109.817743 0.000000 736.000000 
26407.524494 7587.451812 1200.000000 
20037.582510 11443.662099 1200.000000 
13707.654428 10838.565627 1200.000000 
78174.392045 77991.773661 1200.000000 
141.216384 0.000000 772.000000 
142.466976 0.000000 568.000000 
98.131936 0.000000 482.000000 
124.511781 0.000000 285.000000 
48612.710258 22841.688470 1200.000000 
135.122184 0.000000 1060.000000 
1993.680290 862.745627 1200.000000 
4326.898108 3610.515766 1200.000000 
11446.041378 415.646490 1200.000000 
62006.550797 10176.032936 1200.000000 
71.733100 0.000000 664.000000 
2754.797076 1998.106829 1200.000000 
43100.517281 5095.955498 1200.000000 
3713.278568 3713.278568 1200.000000 
63374.193336 39057.827197 1200.000000 
124.787346 0.000000 249.000000 
103756.181449 3696.266549 1200.000000 
87749.655236 4701.005844 1200.000000 
27587.005814 7241.033808 1200.000000 
42129.002187 20608.843919 1200.000000 
132.025451 0.000000 252.000000 
55.044792 0.000000 1172.000000 
32254.159759 15288.177994 1200.000000 
16470.616827 1994.966744 1200.000000 
134.946037 0.000000 285.000000 
2611.097096 2595.963343 1200.000000 
138087.584582 723.311671 1200.000000 
6076.700573 3659.610902 1200.000000 
43164.347371 5191.164150 1200.000000 
144826.331640 57380.649616 1200.000000 
99.763218 0.000000 354.000000 
22394.328920 17844.125622 1200.000000 
127943.985709 66015.292318 1200.000000 
67584.131597 13253.113143 1200.000000 
21994.749547 1572.388163 1200.000000 
145.100951 0.000000 425.000000 
101269.200239 2126.136666 1200.000000 
45916.433972 9591.198485 1200.000000 
80731.984582 4831.386134 1200.000000 
84948.154538 39289.963723 1200.000000 
132.136531 0.000000 251.000000 
75.591536 0.000000 689.000000 
131550.189065 562.466955 1200.000000 
90.280101 0.000000 564.000000 
32768.323877 17434.290243 1200.000000 
85.905127 0.000000 595.000000 
166.962893 0.000000 1195.000000 
61.749432 0.000000 732.000000 
41990.721266 4833.673833 1200.000000 
65084.359939 1081.432037 1200.000000 
126.743602 0.000000 1118.000000 
82.027076 0.000000 497.000000 
98.383945 0.000000 353.000000 
154.795233 0.000000 1181.000000 
177.206085 0.000000 345.000000 
49232.019680 6438.587404 1200.000000 
43896.394486 2198.157532 1200.000000 
71889.526128 16169.819595 1200.000000 
25627.019386 4944.180186 1200.000000 
101634.039847 74073.624579 1200.000000 
120.189308 0.000000 361.000000 
70423.327669 1766.428018 1200.000000 
24938.544972 3184.468655 1200.000000 
79324.227622 5969.437914 1200.000000 
76271.700436 22393.011012 1200.000000 
150.909095 0.000000 253.000000 
32720.624499 1843.916915 1200.000000 
46711.498606 2204.134435 1200.000000 
51028.972132 3276.947623 1200.000000 
55841.259053 27750.042111 1200.000000 
166.164791 0.000000 234.000000 
83261.734416 70928.252168 1200.000000 
89787.839881 73207.835152 1200.000000 
46306.900719 43590.064524 1200.000000 
83228.974900 70086.102573 1200.000000 
24249.092946 1947.121163 1200.000000 
7297.436528 1767.062878 1200.000000 
61828.102982 3692.268152 1200.000000 
60709.140458 3661.541685 1200.000000 
25710.069199 20805.776745 1200.000000 
203.152254 0.000000 486.000000 
171292.057829 150934.724483 1200.000000 
70945.631734 3477.327133 1200.000000 
121.111743 0.000000 295.000000 
166679.170579 145231.559944 1200.000000 
187272.000000 156800.000000 1200.000000 
109351.982098 1363.280779 1200.000000 
5792.270652 3401.604759 1200.000000 
4480.741490 4426.084055 1200.000000 
31926.607425 21891.728072 1200.000000 
136.749955 0.000000 233.000000 
109.239200 0.000000 392.000000 
58979.824633 1425.855882 1200.000000 
119.507423 0.000000 235.000000 
32995.383592 22761.287367 1200.000000 
109.817743 0.000000 736.000000 
26407.524494 7587.451812 1200.000000 
20037.582510 11443.662099 1200.000000 
13707.654428 10838.565627 1200.000000 
78174.392045 77991.773661 1200.000000 
141.216384 0.000000 772.000000 
142.466976 0.000000 568.000000 
98.131936 0.000000 482.000000 
124.511781 0.000000 285.000000 
48612.710258 22841.688470 1200.000000 
135.122184 0.000000 1060.000000 
1993.680290 862.745627 1200.000000 
4326.898108 3610.515766 1200.000000 
11446.041378 415.646490 1200.000000 
62006.550797 10176.032936 1200.000000 
71.733100 0.000000 664.000000 
2754.797076 1998.106829 1200.000000 
43100.517281 5095.955498 1200.000000 
3713.278568 3713.278568 1200.000000 
63374.193336 39057.827197 1200.000000 
124.787346 0.000000 249.000000 
103756.181449 3696.266549 1200.000000 
87749.655236 4701.005844 1200.000000 
27587.005814 7241.033808 1200.000000 
42129.002187 20608.843919 1200.000000 
132.025451 0.000000 252.000000 
55.044792 0.000000 1172.000000 
32254.159759 15288.177994 1200.000000 
16470.616827 1994.966744 1200.000000 
134.946037 0.000000 285.000000 
2611.097096 2595.963343 1200.000000 
138087.584582 723.311671 1200.000000 
6076.700573 3659.610902 1200.000000 
43164.347371 5191.164150 1200.000000 
144826.331640 57380.649616 1200.000000 
99.763218 0.000000 354.000000 
22394.328920 17844.125622 1200.000000 
127943.985709 66015.292318 1200.000000 
67584.131597 13253.113143 1200.000000 
21994.749547 1572.388163 1200.000000 
145.100951 0.000000 425.000000 
101269.200239 2126.136666 1200.000000 
45916.433972 9591.198485 1200.000000 
80731.984582 4831.386134 1200.000000 
84948.154538 39289.963723 1200.000000 
132.136531 0.000000 251.000000 
75.591536 0.000000 689.000000 
131550.189065 562.466955 1200.000000 
90.280101 0.000000 564.000000 
32768.323877 17434.290243 1200.000000 
85.905127 0.000000 595.000000 
166.962893 0.000000 1195.000000 
61.749432 0.000000 732.000000 
41990.721266 4833.673833 1200.000000 
65084.359939 1081.432037 1200.000000 
126.743602 0.000000 1118.000000 
82.027076 0.000000 497.000000 
98.383945 0.000000 353.000000 
154.795233 0.000000 1181.000000 
177.206085 0.000000 345.000000 
49232.019680 6438.587404 1200.000000 
43896.394486 2198.157532 1200.000000 
71889.526128 16169.819595 1200.000000 
25627.019386 4944.180186 1200.000000 
101634.039847 74073.624579 1200.000000 
120.189308 0.000000 361.000000 
70423.327669 1766.428018 1200.000000 
24938.544972 3184.468655 1200.000000 
79324.227622 5969.437914 1200.000000 
76271.700436 22393.011012 1200.000000 
150.909095 0.000000 253.000000 
