109.734347 0.000000 834.000000 
245.430852 0.000000 1044.000000 
78587.131863 70912.588376 1200.000000 
82005.917196 79837.041510 1200.000000 
153.095885 0.000000 1191.000000 
167.442943 0.000000 837.000000 
189.591249 0.000000 576.000000 
78.244090 0.000000 797.000000 
113.787067 0.000000 497.000000 
194.632074 0.000000 478.000000 
144.578466 0.000000 176.000000 
106.668459 0.000000 241.000000 
46370.494931 405.782110 1200.000000 
160520.099932 102936.765925 1200.000000 
1860.866056 1571.164930 1200.000000 
15790.400206 536.015712 1200.000000 
78.043964 0.000000 696.000000 
122.998596 0.000000 456.000000 
149.206942 0.000000 698.000000 
1510.112801 506.464924 1200.000000 
109.734347 0.000000 834.000000 
245.430852 0.000000 1044.000000 
78587.131863 70912.588376 1200.000000 
82005.917196 79837.041510 1200.000000 
153.095885 0.000000 1191.000000 
167.442943 0.000000 837.000000 
189.591249 0.000000 576.000000 
78.244090 0.000000 797.000000 
113.787067 0.000000 497.000000 
194.632074 0.000000 478.000000 
144.578466 0.000000 176.000000 
106.668459 0.000000 241.000000 
46370.494931 405.782110 1200.000000 
160520.099932 102936.765925 1200.000000 
1860.866056 1571.164930 1200.000000 
15790.400206 536.015712 1200.000000 
78.043964 0.000000 696.000000 
122.998596 0.000000 456.000000 
149.206942 0.000000 698.000000 
1510.112801 506.464924 1200.000000 
