97.614626 0.000000 186.000000 
221.241307 0.000000 220.000000 
81.835038 0.000000 191.000000 
121.890944 0.000000 201.000000 
79.092738 0.000000 183.000000 
106.540175 0.000000 198.000000 
90.389977 0.000000 759.000000 
49.225625 0.000000 196.000000 
157.525917 0.000000 195.000000 
124.864611 0.000000 206.000000 
141.466666 0.000000 191.000000 
98.483969 0.000000 183.000000 
176.089050 0.000000 182.000000 
139.401568 0.000000 740.000000 
128.876796 0.000000 196.000000 
145.895399 0.000000 267.000000 
110.306140 0.000000 180.000000 
143.870572 0.000000 180.000000 
2542.697818 443.136759 1200.000000 
111597.101254 289.354167 1200.000000 
97.614626 0.000000 186.000000 
221.241307 0.000000 220.000000 
81.835038 0.000000 191.000000 
121.890944 0.000000 201.000000 
79.092738 0.000000 183.000000 
106.540175 0.000000 198.000000 
90.389977 0.000000 759.000000 
49.225625 0.000000 196.000000 
157.525917 0.000000 195.000000 
124.864611 0.000000 206.000000 
141.466666 0.000000 191.000000 
98.483969 0.000000 183.000000 
176.089050 0.000000 182.000000 
139.401568 0.000000 740.000000 
128.876796 0.000000 196.000000 
145.895399 0.000000 267.000000 
110.306140 0.000000 180.000000 
143.870572 0.000000 180.000000 
2542.697818 443.136759 1200.000000 
111597.101254 289.354167 1200.000000 
